1.296346516449183e-9
2.0098983657796944e-8
4.127004061725595e-8
5.988795047328759e-8
7.512932256131258e-8
8.715833527947878e-8
9.64061384385599e-8
1.033395367658167e-7
1.0838431029311533e-7
1.1190428725226313e-7
1.1420108454737719e-7
1.1552097046123186e-7
1.1606346959786895e-7
1.1598962980599771e-7
1.1542924318123813e-7
1.1448688083783478e-7
1.1324682294107907e-7
1.117770381278423e-7
1.1013237576692436e-7
1.0835711998256628e-7
1.064870317485332e-7
1.0455098285130734e-7
1.02572265296419e-7
1.0056964277141522e-7
9.855819695996724e-8
9.655001044162087e-8
9.455471914784903e-8
9.257996043828384e-8
9.063173743181623e-8
8.871471596229097e-8
8.683246717722454e-8
8.498766615903642e-8
8.318225486888777e-8
8.141757606839758e-8
7.969448357160792e-8
7.801343314402248e-8
7.637455754029175e-8
7.477772851252519e-8
7.322260809248569e-8
7.17086910262609e-8
7.02353398946557e-8
6.880181418295885e-8
6.740729432738326e-8
6.605090159244494e-8
6.473171448639149e-8
6.344878228656328e-8
6.220113615533463e-8
6.098779826074872e-8
5.98077892171005e-8
5.8660134129962906e-8
5.754386747480445e-8
5.6458037001809445e-8
5.540170682798008e-8
5.4373959851384014e-8
5.3373899600580495e-8
5.2400651614048136e-8
5.145336442921575e-8
5.053121024797407e-8
4.963338533486321e-8
4.8759110195190215e-8
4.790762957280026e-8
4.7078212300904545e-8
4.627015103403513e-8
4.548276188471402e-8
4.4715383984634905e-8
4.3967378986958635e-8
4.3238130523624626e-8
4.2527043629303715e-8
4.1833544141680266e-8
4.115707808613142e-8
4.049711105148509e-8
3.985312756237403e-8
3.922463045272116e-8
3.861114024404954e-8
3.8012194531618854e-8
3.7427347380785014e-8
3.6856168735486004e-8
3.6298243840332976e-8
3.5753172677432074e-8
3.52205694187654e-8
3.4700061894709946e-8
3.419129107907152e-8
3.3693910590827465e-8
3.320758621264451e-8
3.273199542610498e-8
3.226682696349677e-8
3.181178037592551e-8
3.136656561746205e-8
3.093090264498277e-8
3.0504521033316456e-8
3.008715960529384e-8
2.9678566076269207e-8
2.9278496712665624e-8
2.8886716004092984e-8
2.850299634858108e-8
2.8127117750465502e-8
2.7758867530473615e-8
2.739804004755727e-8
2.7044436432024497e-8
2.669786432912822e-8
2.635813765510392e-8
2.602507635930649e-8
2.5698506199209138e-8
2.537825852562927e-8
2.5064170071560546e-8
2.4756082754970243e-8
2.4453843487042884e-8
2.415730398873521e-8
2.3866320614789503e-8
2.358075418489124e-8
2.3300469677015932e-8
2.302533679521077e-8
2.2755228373932694e-8
2.2490021681335265e-8
2.2229597558586136e-8
2.1973840432569758e-8
2.1722638189200792e-8
2.147588205177661e-8
2.1233466464148643e-8
2.099528897850877e-8
2.0761250147590664e-8
2.053125342110175e-8
2.0305205046201185e-8
2.0083013971852086e-8
1.9864591756885763e-8
1.9649852481618162e-8
1.9438712662868096e-8
1.923109117223524e-8
1.902690915749727e-8
1.882608996699945e-8
1.862855907690762e-8
1.8434244021204894e-8
1.8243074324320446e-8
1.8054981436278897e-8
1.7869898670264607e-8
1.7687761142504902e-8
1.7508505714372876e-8
1.7332070936620315e-8
1.7158396995655156e-8
1.6987425661775984e-8
1.681910023928758e-8
1.665336551842289e-8
1.6490167728991214e-8
1.6329454495690896e-8
1.617117479501759e-8
1.6015278913702107e-8
1.5861718408618742e-8
1.571044606810767e-8
1.5561415874651045e-8
1.5414582968855024e-8
1.5269903614681582e-8
1.512733516588565e-8
1.4986836033607158e-8
1.4848365655076622e-8
1.47118844633868e-8
1.4577353858295806e-8
1.4444736178016593e-8
1.4313994671957977e-8
1.4185093474379638e-8
1.405799757892847e-8
1.39326728140233e-8
1.3809085819050336e-8
1.3687204021350146e-8
1.3566995613955232e-8
1.3448429534056e-8
1.3331475442171423e-8
1.321610370198947e-8
1.310228536086197e-8
1.2989992130925621e-8
1.2879196370825018e-8
1.2769871068019419e-8
1.266198982165084e-8
1.2555526825952624e-8
1.2450456854179892e-8
1.2346755243042541e-8
1.2244397877626339e-8
1.214336117677766e-8
1.2043622078943714e-8
1.1945158028448322e-8
1.1847946962186041e-8
1.1751967296725117e-8
1.165719791580154e-8
1.1563618158190183e-8
1.147120780594546e-8
1.1379947072990602e-8
1.1289816594050445e-8
1.1200797413914015e-8
1.1112870977013675e-8
1.1026019117313928e-8
1.0940224048496947e-8
1.0855468354434283e-8
1.0771734979938276e-8
1.0689007221781506e-8
1.0607268719975508e-8
1.0526503449301671e-8
1.0446695711083586e-8
1.0367830125196981e-8
1.0289891622308548e-8
1.021286543632496e-8
1.0136737097068597e-8
1.0061492423151142e-8
9.987117515048157e-9
9.913598748368868e-9
9.840922767311229e-9
9.769076478297382e-9
9.698047043788381e-9
9.627821876265066e-9
9.558388632375419e-9
9.489735207240923e-9
9.421849728918257e-9
9.354720553009612e-9
9.288336257419885e-9
9.222685637252891e-9
9.157757699845362e-9
9.093541659932215e-9
9.030026934941637e-9
8.967203140412475e-9
8.905060085534176e-9
8.843587768803228e-9
8.782776373792172e-9
8.722616265030906e-9
8.663097983991952e-9
8.604212245182336e-9
8.545949932334854e-9
8.488302094696991e-9
8.431259943414438e-9
8.374814848008131e-9
8.318958332939677e-9
8.26368207426275e-9
8.20897789636101e-9
8.154837768766375e-9
8.10125380305701e-9
8.04821824983397e-9
7.995723495770363e-9
7.943762060736215e-9
7.892326594993081e-9
7.84140987645678e-9
7.791004808028863e-9
7.741104414992369e-9
7.691701842469648e-9
7.642790352944819e-9
7.59436332384245e-9
7.546414245167483e-9
7.49893671720018e-9
7.451924448246292e-9
7.405371252441317e-9
7.359271047606128e-9
7.313617853154267e-9
7.268405788047702e-9
7.223629068794316e-9
7.179282007526003e-9
7.135359010052853e-9
7.091854574033678e-9
7.048763287150158e-9
7.0060798253335815e-9
6.963798951031441e-9
6.921915511513396e-9
6.880424437215598e-9
6.839320740124586e-9
6.798599512195664e-9
6.758255923808255e-9
6.718285222256382e-9
6.678682730271603e-9
6.6394438445813664e-9
6.6005640344980206e-9
6.562038840538018e-9
6.523863873075434e-9
6.486034811021557e-9
6.448547400536293e-9
6.4113974537657336e-9
6.374580847609338e-9
6.3380935225127885e-9
6.3019314812867745e-9
6.266090787953693e-9
6.230567566616101e-9
6.195358000352098e-9
6.160458330133836e-9
6.1258648537596365e-9
6.091573924852144e-9
6.057581951794935e-9
6.023885396772206e-9
5.990480774790362e-9
5.957364652725472e-9
5.9245336483947075e-9
5.891984429642927e-9
5.859713713452322e-9
5.827718265066966e-9
5.795994897138572e-9
5.764540468870764e-9
5.733351885268193e-9
5.702426096230175e-9
5.671760095830185e-9
5.641350921530336e-9
5.611195653424179e-9
5.581291413497783e-9
5.5516353649053896e-9
5.522224711258154e-9
5.4930566959290205e-9
5.464128601370605e-9
5.4354377484469156e-9
5.4069814957793845e-9
5.3787572391031206e-9
5.350762410640654e-9
5.322994478482856e-9
5.295450945986755e-9
5.268129351180593e-9
5.241027266185227e-9
5.214142296644204e-9
5.187472081164448e-9
5.161014290769449e-9
5.134766628363432e-9
5.10872682820315e-9
5.082892655382756e-9
5.057261905327303e-9
5.031832403296266e-9
5.006602003896329e-9
4.981568590603081e-9
4.95673007529403e-9
4.932084397786192e-9
4.907629525388119e-9
4.883363452454877e-9
4.85928419995452e-9
4.835389815043205e-9
4.811678370645475e-9
4.788147965044339e-9
4.764796721480201e-9
4.741622787753456e-9
4.718624335837683e-9
4.695799561500101e-9
4.673146683924972e-9
4.650663945350776e-9
4.628349610706079e-9
4.606201967259698e-9
4.584219324270944e-9
4.56240001264954e-9
4.540742384622865e-9
4.5192448134046364e-9
4.4979056928739644e-9
4.476723437259415e-9
4.455696480825096e-9
4.434823277568281e-9
4.414102300917009e-9
4.393532043436798e-9
4.373111016539615e-9
4.35283775020094e-9
4.332710792680621e-9
4.3127287102467675e-9
4.2928900869069325e-9
4.273193524143902e-9
4.25363764065444e-9
4.23422107209442e-9
4.21494247082669e-9
4.19580050567413e-9
4.176793861679048e-9
4.157921239860367e-9
4.139181356984664e-9
4.1205729453313096e-9
4.102094752468364e-9
4.0837455410303466e-9
4.065524088496909e-9
4.047429186981616e-9
4.02945964301701e-9
4.011614277349188e-9
3.9938919247321076e-9
3.976291433727734e-9
3.958811666507401e-9
3.941451498659128e-9
3.924209818995539e-9
3.907085529365662e-9
3.890077544472559e-9
3.873184791688738e-9
3.856406210879938e-9
3.839740754228111e-9
3.823187386059608e-9
3.806745082674469e-9
3.7904128321800824e-9
3.774189634326122e-9
3.758074500343249e-9
3.7420664527837574e-9
3.726164525365231e-9
3.7103677628162864e-9
3.694675220726368e-9
3.6790859653945694e-9
3.6635990736842515e-9
3.6482136328794058e-9
3.6329287405409666e-9
3.6177435043677376e-9
3.6026570420607717e-9
3.5876684811841853e-9
3.5727769590362004e-9
3.5579816225146807e-9
3.5432816279903844e-9
3.528676141178529e-9
3.514164337014922e-9
3.499745399531715e-9
3.485418521737962e-9
3.4711829054985827e-9
3.457037761418167e-9
3.4429823087251325e-9
3.429015775159071e-9
3.4151373968557283e-9