1.3699999667265825e-9
4.497962056746692e-9
6.676480133912215e-9
8.312962390945796e-9
9.522166852550129e-9
1.0394023628324568e-8
1.1002102678200134e-8
1.1405330748529694e-8
1.1650174078623488e-8
1.1772971386336627e-8
1.1802039533355322e-8
1.1759424780367963e-8
1.1662301161350656e-8
1.1524064206639589e-8
1.1355177742286252e-8
1.1163826722256483e-8
1.0956420098152663e-8
1.073797864162502e-8
1.0512434749345519e-8
1.02828649351903e-8
1.005167074391809e-8
9.820720047733522e-9
9.591457805962884e-9
9.36499320249009e-9
9.142168438344921e-9
8.923613221752339e-9
8.709788063479204e-9
8.50101877629791e-9
8.297524037574902e-9
8.099437461462108e-9
7.90682531066937e-9
7.719700733954338e-9
7.538035226997596e-9
7.361767867735903e-9
7.190812763230218e-9
7.025065055707918e-9
6.864405765265769e-9
6.708705691380163e-9
6.5578285515894696e-9
6.41163350100857e-9
6.269977148296366e-9
6.1327151625705194e-9
5.999703546480462e-9
5.870799637671174e-9
5.745862889862897e-9
5.624755472001791e-9
5.507342722394318e-9
5.3934934828585356e-9
5.283080336193399e-9
5.175979765850143e-9
5.072072251475588e-9
4.971242314621855e-9
4.873378523453063e-9
4.778373465352591e-9
4.686123694219139e-9
4.59652965809305e-9
4.509495611735649e-9
4.424929517946323e-9
4.342742940708597e-9
4.262850932684393e-9
4.185171919102542e-9
4.109627579696128e-9
4.036142730020665e-9
3.964645203217188e-9
3.8950657330641095e-9
3.827337838979332e-9
3.761397713484009e-9
3.6971841125154746e-9
3.6346382488759935e-9
3.5737036890198665e-9
3.5143262533141333e-9
3.4564539198530308e-9
3.400036731860627e-9
3.3450267086813145e-9
3.291377760328308e-9
3.2390456055378395e-9
3.187987693258962e-9
3.1381631274958914e-9
3.0895325954084443e-9
3.04205829856998e-9
2.995703887276602e-9
2.9504343977979822e-9
2.9062161924595567e-9
2.863016902443647e-9
2.8208053731997833e-9
2.7795516123537572e-9
2.739226740009004e-9
2.699802941334196e-9
2.6612534213358223e-9
2.6235523617164232e-9
2.5866748797223138e-9
2.5505969888890293e-9
2.5152955615956246e-9
2.4807482933417937e-9
2.4469336686670906e-9
2.4138309286330774e-9
2.381420039793793e-9
2.34968166458305e-9
2.318597133050286e-9
2.288148415824365e-9
2.258318098567947e-9
2.229089357069544e-9
2.2004459339528894e-9
2.1723721161893704e-9
2.144852713660798e-9
2.117873038675217e-9
2.0914188863898513e-9
2.0654765160978214e-9
2.040032633336561e-9
2.015074372778576e-9
1.9905892775554066e-9
1.966565305130463e-9
1.942990769330899e-9
1.9198543689383314e-9
1.897145152533986e-9
1.8748525096414e-9
1.8529661581450794e-9
1.8314761322395041e-9
1.8103727708843687e-9
1.7896467067415273e-9
1.7692888555723347e-9
1.7492904060731321e-9
1.7296428101294415e-9
1.7103377734694282e-9
1.6913672466981771e-9
1.6727234166957988e-9
1.6543986983627498e-9
1.6363857266965717e-9
1.6186773491856047e-9
1.6012666185047499e-9
1.5841467855006209e-9
1.5673112924529036e-9
1.5507537665993843e-9
1.5344680139138417e-9
1.5184480131250527e-9
1.5026879099667206e-9
1.487182011648124e-9
1.4719247815364512e-9
1.456910834040806e-9
1.4421349296902977e-9
1.4275919703972017e-9
1.4132769948975124e-9
1.3991851743617048e-9
1.3853118081682814e-9
1.371652319833082e-9
1.3582022530885115e-9
1.344957268105804e-9
1.3319131378547997e-9
1.3190657445955687e-9
1.3064110764962597e-9
1.293945224372388e-9
1.2816643785421738e-9
1.2695648257938039e-9
1.257642946459644e-9
1.2458952115935396e-9
1.23431818024658e-9
1.2229084968380494e-9
1.2116628886172146e-9
1.2005781632130132e-9
1.1896512062674589e-9
1.1788789791502634e-9
1.1682585167510166e-9
1.1577869253460304e-9
1.1474613805372493e-9
1.1372791252601017e-9
1.1272374678579935e-9
1.1173337802205896e-9
1.1075654959838331e-9
1.0979301087890812e-9
1.088425170599451e-9
1.0790482900707868e-9
1.0697971309760574e-9
1.060669410679862e-9
1.0516628986628528e-9
1.042775415092959e-9
1.03400482944204e-9
1.0253490591470074e-9
1.016806068312662e-9
1.0083738664556216e-9
1.0000505072877584e-9
9.918340875370407e-10
9.837227458055307e-10
9.757146614624516e-10
9.678080535711684e-10
9.60001179849336e-10
9.522923356605651e-10
9.446798530368142e-10
9.371620997303254e-10
9.297374782939585e-10
9.224044251894257e-10
9.151614099217379e-10
9.080069341998576e-10
9.009395311217494e-10
8.939577643836792e-10
8.870602275127008e-10
8.802455431217315e-10
8.735123621857909e-10
8.668593633398336e-10
8.602852521964935e-10
8.537887606839343e-10
8.473686464014402e-10
8.410236919948629e-10
8.347527045489128e-10
8.285545149968769e-10
8.22427977547013e-10
8.163719691249005e-10
8.103853888314164e-10
8.044671574159165e-10
7.986162167638161e-10
7.928315293983958e-10
7.871120779965229e-10
7.814568649171472e-10
7.758649117431252e-10
7.703352588353496e-10
7.648669648987147e-10
7.594591065601526e-10
7.541107779577787e-10
7.488210903410337e-10
7.435891716814513e-10
7.384141662941247e-10
7.33295234468366e-10
7.282315521091641e-10
7.232223103870666e-10
7.182667153978819e-10
7.133639878308412e-10
7.085133626456623e-10
7.037140887578195e-10
6.98965428731732e-10
6.942666584822188e-10
6.896170669833875e-10
6.850159559847367e-10
6.80462639734775e-10
6.759564447114942e-10
6.714967083306604e-10
6.670827830957444e-10
6.627140297524172e-10
6.583898199466747e-10
6.541095382306543e-10
6.498725791659797e-10
6.456783478365826e-10
6.415262596283345e-10
6.374157400142307e-10
6.333462243444994e-10
6.293171576420853e-10
6.253279944028935e-10
6.213781984009556e-10
6.174672424982588e-10
6.135946084582969e-10
6.097597867683237e-10
6.059622764572058e-10
6.02201584926076e-10
5.984772277793274e-10
5.947887286593476e-10
5.911356190862255e-10
5.875174383004614e-10
5.839337331096354e-10
5.803840577387216e-10
5.768679736835818e-10
5.733850495680893e-10
5.699348610044717e-10
5.665169904567742e-10
5.63131027107426e-10
5.597765667271306e-10
5.564532115472521e-10
5.531605701354035e-10
5.498982572737548e-10
5.466658938401925e-10
5.434631066917085e-10
5.402895285510867e-10
5.371447978952977e-10
5.340285588472498e-10
5.309404610690937e-10
5.278801596583385e-10
5.248473150464205e-10
5.218415928988269e-10
5.188626640181122e-10
5.159102042485633e-10
5.129838943830912e-10
5.100834200709261e-10
5.072084717334276e-10
5.043587444694904e-10
5.015339379748674e-10
4.987337564576505e-10
4.959579085564264e-10
4.932061072600985e-10
4.904780698297381e-10
4.877735177217993e-10
4.850921765129999e-10
4.824337758268083e-10
4.797980492615937e-10
4.771847343198773e-10
4.74593572339685e-10
4.720243084265e-10
4.694766913874842e-10
4.669504736663717e-10
4.6444541128005394e-10
4.6196126375632875e-10
4.594977940729919e-10
4.570547685980716e-10
4.5463195703143826e-10
4.5222913234726385e-10
4.4984607073816825e-10
4.474825515599109e-10
4.4513835727751845e-10
4.4281327341250346e-10
4.4050708849104107e-10
4.382195939930861e-10
4.3595058430261907e-10
4.33699856658997e-10
4.3146721110890757e-10
4.292524504595592e-10
4.2705538023277764e-10
4.248758086197408e-10
4.227135464369553e-10
4.205684070827216e-10
4.1844020649476116e-10
4.1632876310852004e-10
4.142338978160222e-10
4.1215543392614527e-10
4.1009319712496624e-10
4.080470154373802e-10
4.060167191889627e-10
4.040021409692233e-10
4.020031155945866e-10
4.0001948007345187e-10
3.9805107357009916e-10
3.960977373711774e-10
3.941593148515047e-10
3.922356514406059e-10
3.903265945909498e-10
3.8843199374527286e-10
3.8655170030566386e-10
3.846855676025377e-10
3.8283345086462716e-10
3.8099520718939485e-10
3.7917069551341207e-10
3.773597765844851e-10
3.755623129333864e-10
3.7377816884574917e-10
3.720072103358084e-10
3.702493051193017e-10
3.6850432258756244e-10
3.6677213378205685e-10
3.650526113689957e-10
3.6334562961473325e-10
3.6165106436140077e-10
3.5996879300312195e-10
3.582986944628371e-10
3.5664064916874947e-10
3.54994539032327e-10
3.53358251998805e-10
3.517376591597823e-10
3.5012666046353224e-10
3.485271389619141e-10
3.469389836560038e-10
3.4536208490210164e-10
3.437963343922021e-10
3.4224162513409544e-10
3.4069785143194286e-10
3.391649088678018e-10
3.376426942824212e-10
3.361311057572762e-10
3.3463004259644403e-10
3.331394053089343e-10
3.316590955912269e-10
3.301890163102075e-10
3.287290714862753e-10
3.2727916627692443e-10
3.258392069605017e-10
3.244091009198822e-10
3.229887566272869e-10
3.215780836283495e-10
3.2017699252715103e-10
3.187853949712695e-10
3.1740320363699833e-10
3.1603033221486523e-10
3.146666953954743e-10
3.1331220885553105e-10
3.119667892440855e-10
3.1063035416889423e-10
3.09302822183164e-10
3.0798411277253396e-10
3.0667414634208937e-10
3.0537284420361657e-10
3.0408012856338886e-10
3.0279592250967725e-10
3.0152015000068315e-10
3.002527358506937e-10
2.9899360572655575e-10
2.9774268612381566e-10
2.964999043636833e-10
2.952651885799058e-10
2.9403846770758707e-10
2.928196714724865e-10
2.9160873038055304e-10
2.904055757071631e-10
2.8921013948725646e-10
2.88022354504726e-10
2.8684215428280556e-10
2.856694730740429e-10
2.845042458508053e-10