1.05009029949799e-9
2.094807873126322e-9
2.1107513352262184e-9
1.89687380257032e-9
1.6346781805697262e-9
1.3856665698122997e-9
1.169225532598335e-9
9.884718227077539e-10
8.404462795253289e-10
7.203375697288486e-10
6.232090470290961e-10
5.446448971397234e-10
4.809294837817766e-10
4.2903358216127983e-10
3.8653005927622505e-10
3.514927498415613e-10
3.2240068079023637e-10
2.980554138150586e-10
2.775129398141608e-10
2.6002898149892074e-10
2.4501570772113857e-10
2.3200776858055975e-10
2.20635768047038e-10
2.1060559067473155e-10
2.0168229934408825e-10
1.9367758632546818e-10
1.864399806615e-10
1.798471924070198e-10
1.738001143047016e-10
1.6821811062500415e-10
1.6303530736774687e-10
1.5819766312427736e-10
1.5366064997312233e-10
1.4938741227374787e-10
1.4534730082330945e-10
1.4151470262887613e-10
1.378681041186399e-10
1.343893391909396e-10
1.3106298401133447e-10
1.2787586862651016e-10
1.2481668181206537e-10
1.2187565052362343e-10
1.190442791943701e-10
1.1631513715999671e-10
1.1368168488074625e-10
1.1113813151346265e-10
1.086793178750765e-10
1.0630062001849058e-10
1.0399786957900683e-10
1.0176728779554159e-10
9.960543070680062e-11
9.750914349920766e-11
9.547552236558553e-11
9.350188254141393e-11
9.158573143222823e-11
8.972474594639825e-11
8.791675330871947e-11
8.615971476149878e-11
8.445171166617527e-11
8.279093360519498e-11
8.11756681544284e-11
7.960429205411223e-11
7.80752635534767e-11
7.658711574287413e-11
7.513845071901701e-11
7.372793445498966e-11
7.235429226822289e-11
7.101630479737727e-11
6.971280441368669e-11
6.844267200449647e-11
6.720483407674214e-11
6.599826013646011e-11
6.482196030738398e-11
6.367498315739596e-11
6.25564137064766e-11
6.146537159376166e-11
6.040100938470478e-11
5.936251100213632e-11
5.834909026738007e-11
5.7359989539575455e-11
5.6394478442986314e-11
5.545185267501759e-11
5.4531432880728244e-11
5.363256359202368e-11
5.2754612252717105e-11
5.1896968245181714e-11
5.105904201401776e-11
5.024026421472012e-11
4.9440084908572325e-11
4.86579727969495e-11
4.789341449233945e-11
4.714591382361368e-11
4.64149911733492e-11
4.5700182845220836e-11
4.500104045966097e-11
4.431713037613423e-11
4.364803314054522e-11
4.2993342956391305e-11
4.2352667178383486e-11
4.1725625827399746e-11
4.111185112564445e-11
4.051098705102579e-11
3.992268890983047e-11
3.9346622926778096e-11
3.878246585166736e-11
3.822990458183136e-11
3.768863579967279e-11
3.715836562460391e-11
3.663880927873975e-11
3.6129690765744355e-11
3.563074256224027e-11
3.5141705321245546e-11
3.466232758712359e-11
3.419236552153735e-11
3.3731582639948744e-11
3.3279749558228534e-11
3.2836643748931544e-11
3.240204930685242e-11
3.1975756723463726e-11
3.155756266988202e-11
3.1147269787984876e-11
3.0744686489389944e-11
3.034962676193044e-11
2.996190998334221e-11
2.9581360741874736e-11
2.9207808663539236e-11
2.884108824572502e-11
2.8481038696932766e-11
2.812750378239658e-11
2.7780331675307257e-11
2.7439374813484704e-11
2.710448976123691e-11
2.6775537076210992e-11
2.6452381181051552e-11
2.61348902396469e-11
2.5822936037860305e-11
2.5516393868428098e-11
2.5215142420025863e-11
2.4919063670242603e-11
2.4628042782323064e-11
2.4341968005556122e-11
2.406073057916208e-11
2.3784224639526082e-11
2.3512347130676965e-11
2.324499771785012e-11
2.2982078704094223e-11
2.2723494949696447e-11
2.2469153794394317e-11
2.22189649822771e-11
2.197284058921735e-11
2.1730694952782876e-11
2.149244460452876e-11
2.1258008204567084e-11
2.102730647835047e-11
2.0800262155556485e-11
2.0576799911034524e-11
2.0356846307711682e-11
2.014032974138629e-11
1.992718038735561e-11
1.9717330148795957e-11
1.9510712606848083e-11
1.9307262972315705e-11
1.9106918038964792e-11
1.890961613831688e-11
1.871529709591185e-11
1.8523902188994893e-11
1.8335374105538013e-11
1.814965690459696e-11
1.7966695977924543e-11
1.7786438012797818e-11
1.7608830956029213e-11
1.7433823979117046e-11
1.7261367444482537e-11
1.709141287277739e-11
1.6923912911194066e-11
1.6758821302787382e-11
1.6596092856720533e-11
1.6435683419444373e-11
1.6277549846772865e-11
1.6121649976792835e-11
1.5967942603615182e-11
1.5816387451929532e-11
1.5666945152313736e-11
1.55195772173139e-11
1.5374246018223115e-11
1.5230914762570956e-11
1.5089547472276732e-11
1.4950108962466423e-11
1.481256482089999e-11
1.4676881388033492e-11
1.4543025737641973e-11
1.4410965658030123e-11
1.4280669633786945e-11
1.4152106828071203e-11
1.4025247065416984e-11
1.3900060815025374e-11
1.3776519174565072e-11
1.365459385440417e-11
1.353425716231506e-11
1.341548198862098e-11
1.3298241791749489e-11
1.3182510584198917e-11
1.3068262918918985e-11
1.2955473876052138e-11
1.2844119050052533e-11
1.2734174537182557e-11
1.2625616923336244e-11
1.2518423272211058e-11
1.2412571113805745e-11
1.2308038433238226e-11
1.2204803659862403e-11
1.2102845656696979e-11
1.2002143710127706e-11
1.1902677519900578e-11
1.180442718938168e-11
1.1707373216084886e-11
1.1611496482445573e-11
1.1516778246852393e-11
1.1423200134913084e-11
1.1330744130952886e-11
1.1239392569744405e-11
1.1149128128447007e-11
1.1059933818767512e-11
1.0971792979322402e-11
1.0884689267958401e-11
1.0798606655250399e-11
1.0713529416951741e-11
1.0629442126875141e-11
1.0546329650199784e-11
1.0464177137219763e-11
1.0382970017456073e-11
1.0302693992737555e-11
1.0223335031423717e-11
1.0144879362515271e-11
1.0067313469930733e-11
9.99062408692405e-12
9.914798190635997e-12
9.839822996791137e-12
9.765685954523064e-12
9.692374741327354e-12
9.619877258147018e-12
9.548181624568383e-12
9.477276174148173e-12
9.40714944984637e-12
9.337790199575528e-12
9.269187371859765e-12
9.201330111593996e-12
9.134207755913323e-12
9.067809830160546e-12
9.002126043945076e-12
8.937146287310084e-12
8.872860626971078e-12
8.809259302672135e-12
8.746332723599998e-12
8.684071464902826e-12
8.622466264289434e-12
8.561508018699425e-12
8.501187781058639e-12
8.441496757114534e-12
8.382426302335731e-12
8.323967918890436e-12
8.266113252698113e-12
8.208854090538042e-12
8.152182357238309e-12
8.096090112923795e-12
8.040569550320241e-12
7.985612992133771e-12
7.931212888480742e-12
7.87736181437929e-12
7.824052467297985e-12
7.771277664758452e-12
7.719030341995557e-12
7.667303549662071e-12
7.616090451599642e-12
7.565384322640247e-12
7.515178546474054e-12
7.465466613558391e-12
7.416242119070204e-12
7.367498760898497e-12
7.319230337705285e-12
7.271430746996045e-12
7.224093983260217e-12
7.1772141361320156e-12
7.1307853886084e-12
7.0848020152907085e-12
7.039258380676833e-12
6.994148937480048e-12
6.949468224991481e-12
6.905210867475869e-12
6.8613715725946836e-12
6.817945129880425e-12
6.7749264092185095e-12
6.732310359385576e-12
6.69009200660151e-12
6.6482664531196554e-12
6.606828875851439e-12
6.565774525005075e-12
6.5250987227678864e-12
6.484796862007072e-12
6.4448644050010994e-12
6.405296882199186e-12
6.366089890995804e-12
6.327239094552194e-12
6.288740220613722e-12
6.250589060380728e-12
6.2127814673727034e-12
6.1753133563435615e-12
6.1381807022033765e-12
6.101379538961456e-12
6.064905958694726e-12
6.028756110545254e-12
5.9929261997180455e-12
5.957412486515095e-12
5.922211285385946e-12
5.8873189639927215e-12
5.852731942297264e-12
5.818446691662206e-12
5.7844597339821685e-12
5.750767640808757e-12
5.717367032520612e-12
5.68425457749252e-12
5.6514269912746955e-12
5.618881035814666e-12
5.586613518663843e-12
5.554621292216817e-12
5.522901252970317e-12
5.491450340773791e-12
5.460265538117671e-12
5.429343869429429e-12
5.39868240036412e-12
5.368278237148112e-12
5.338128525889685e-12
5.308230451939146e-12
5.2785812392386995e-12
5.249178149693181e-12
5.220018482561026e-12
5.1910995738356424e-12
5.162418795654515e-12
5.133973555723753e-12
5.1057612967301144e-12
5.07777949579347e-12
5.0500256639022314e-12
5.022497345384568e-12
4.995192117362901e-12
4.9681075892440685e-12
4.9412414022045224e-12
4.9145912286814665e-12
4.888154771885799e-12
4.86192976531631e-12
4.8359139722818906e-12
4.810105185437155e-12
4.78450122632409e-12
4.759099944915224e-12
4.733899219186646e-12
4.708896954661859e-12
4.684091084007736e-12
4.659479566602153e-12
4.6350603881240424e-12
4.610831560158914e-12
4.5867911197859756e-12
4.562937129205731e-12
4.5392676753441356e-12
4.515780869485366e-12
4.492474846894442e-12
4.469347760868783e-12
4.446397810342885e-12
4.423623183608618e-12
4.4010221139010264e-12
4.378592851092723e-12
4.356333666962674e-12
4.3342428548584336e-12
4.312318729384045e-12
4.2905596260780955e-12
4.268963901111298e-12
4.247529930974115e-12
4.226256112182792e-12
4.205140860980546e-12
4.184182613055205e-12
4.163379823243963e-12
4.142730965266023e-12
4.122234531436593e-12
4.101889032407283e-12
4.081692996892897e-12
4.061644971408705e-12
4.041743520022924e-12
4.021987224097313e-12
4.00237468203482e-12
3.982904509049883e-12
3.963575336909693e-12
3.944385813716388e-12
3.925334603658946e-12
3.9064203867962224e-12
3.887641858824014e-12
3.86899773086236e-12
3.850486729228622e-12
3.832107595232936e-12
3.813859084961946e-12
3.7957399690718766e-12
3.777749032589738e-12
3.7598850747134845e-12
3.742146908602764e-12