4.4475208806101495e-11
6.326270409754e-10
1.2119599925726465e-9
1.6618396934065856e-9
1.9893264925539223e-9
2.219128080832964e-9
2.374657500935212e-9
2.4746539603750364e-9
2.533365038959788e-9
2.56143963593984e-9
2.566805286031774e-9
2.5553729540048687e-9
2.531567287522991e-9
2.498715945531735e-9
2.4593332829889482e-9
2.4153270903658817e-9
2.368149861171477e-9
2.318910126489806e-9
2.2684549543047607e-9
2.2174315157220957e-9
2.166333354164818e-9
2.1155353965170006e-9
2.0653206182712963e-9
2.0159004767304753e-9
1.967430658057999e-9
1.920023276756741e-9
1.8737563722154805e-9
1.8286813333418643e-9
1.7848287258868308e-9
1.7422128817450206e-9
1.700835523900095e-9
1.660688636696855e-9
1.6217567429919315e-9
1.5840187132960644e-9
1.5474492043653785e-9
1.512019803303213e-9
1.4777001308761031e-9
1.4444575941428613e-9
1.4122598975189508e-9
1.381073555190623e-9
1.350865215540992e-9
1.321601744243587e-9
1.2932504386245109e-9
1.2657791915891034e-9
1.2391566148491944e-9
1.2133521296158304e-9
1.1883360308868937e-9
1.1640795307454227e-9
1.1405547848083709e-9
1.117734905267908e-9
1.0955939633120374e-9
1.07410698319042e-9
1.0532499297677516e-9
1.0329996910622696e-9
1.0133340569856169e-9
9.94231695270733e-10
9.75672125386525e-10
9.576356910844638e-10
9.40103532096386e-10
9.230575553996383e-10
9.064804063812656e-10
8.903554401636527e-10
8.746666932973533e-10
8.593988559796788e-10
8.445372449250995e-10
8.300677769663507e-10
8.159769434666744e-10
8.022517855767368e-10
7.888798703688412e-10
7.75849267862574e-10
7.631485289460571e-10
7.507666641885203e-10
7.386931235331564e-10
7.269177768541352e-10
7.154308953567937e-10
7.042231338007003e-10
6.932855135153061e-10
6.826094061857762e-10
6.721865183791326e-10
6.620088767827511e-10
6.520688141267231e-10
6.423589557616681e-10
6.328722068639326e-10
6.236017421049923e-10
6.145409866265567e-10
6.056836159724486e-10
5.97023536308795e-10
5.885548840063506e-10
5.802720043133811e-10
5.721694500251421e-10
5.642419708380382e-10
5.564845050533415e-10
5.488921716690011e-10
5.414602628405184e-10
5.341842366927805e-10
5.270597104655159e-10
5.20082453975923e-10
5.132483833827924e-10
5.065535552372216e-10
4.999941608057495e-10
4.935665206524476e-10
4.872670794671855e-10
4.81092401127927e-10
4.750391639911158e-10
4.691041563661488e-10
4.632842722451901e-10
4.5757650717100167e-10
4.519779543130503e-10
4.4648580071159027e-10
4.410973236864959e-10
4.35809887402869e-10
4.3062093958586785e-10
4.255280083775731e-10
4.2052869932911335e-10
4.156206925215529e-10
4.1080173980947793e-10
4.0606966218141834e-10
4.014223472316229e-10
3.968577467379554e-10
3.923738743409194e-10
3.8796880331915024e-10
3.8364066445683583e-10
3.7938764399887413e-10
3.7520798168969563e-10
3.710999688919338e-10
3.6706194678129674e-10
3.630923046141875e-10
3.59189478064772e-10
3.553519476283869e-10
3.5157823708829215e-10
3.478669120429859e-10
3.442165784913334e-10
3.406258814730106e-10
3.370935037618024e-10
3.336181646094465e-10
3.3019861853782366e-10
3.2683365417738873e-10
3.235220931498732e-10
3.2026278899331133e-10
3.170546261276269e-10
3.1389651885901775e-10
3.1078741042153347e-10
3.0772627205422464e-10
3.0471210211242766e-10
3.0174392521171155e-10
2.9882079140317476e-10
2.959417753787405e-10
2.931059757052676e-10
2.9031251408626247e-10
2.87560534650076e-10
2.8484920326351523e-10
2.8217770686982716e-10
2.7954525285013105e-10
2.769510684071365e-10
2.7439439997075547e-10
2.7187451262412083e-10
2.693906895496435e-10
2.6694223149416143e-10
2.645284562524381e-10
2.6214869816832084e-10
2.598023076528757e-10
2.574886507188003e-10
2.552071085305543e-10
2.529570769695582e-10
2.5073796621389007e-10
2.4854920033197316e-10
2.463902168896637e-10
2.442604846237445e-10
2.4215941280710677e-10
2.4008653142780245e-10
2.3804131031044004e-10
2.3602324905059826e-10
2.34031858639172e-10
2.3206666115049813e-10
2.3012718944042424e-10
2.282129868539437e-10
2.2632360694206938e-10
2.2445861318760982e-10
2.2261757918253083e-10
2.2080008660617937e-10
2.1900572761023985e-10
2.17234102829471e-10
2.154848215820802e-10
2.1375750164264175e-10
2.1205176902192847e-10
2.1036725727599474e-10
2.087036092082262e-10
2.070604738071475e-10
2.054375079569574e-10
2.0383437577294603e-10
2.0225074841812532e-10
2.006863039252872e-10
1.9914072702428642e-10
1.9761370897439335e-10
1.9610494740153856e-10
1.946141461402991e-10
1.9314101508044028e-10
1.9168527001789379e-10
1.902466325100238e-10
1.8882482973500156e-10
1.874195943552166e-10
1.8603066438454303e-10
1.8465778305934859e-10
1.8330069871315165e-10
1.8195916465477089e-10
1.8063293904988354e-10
1.7932178480586885e-10
1.780254694598462e-10
1.7674376506978804e-10
1.7547644810862674e-10
1.7422329936126743e-10
1.7298410382530915e-10
1.7175865060990988e-10
1.7054673284639327e-10
1.6934814759236088e-10
1.6816269574277384e-10
1.6699018194253447e-10
1.658304145013946e-10
1.646832053111219e-10
1.6354836976485325e-10
1.6242572667855784e-10
1.6131509821457256e-10
1.6021630980712244e-10
1.5912919008864663e-10
1.5805357082369743e-10
1.56989286833241e-10
1.5593617593217499e-10
1.5489407886281435e-10
1.5386283923122238e-10
1.5284230344514397e-10
1.518323206534948e-10
1.5083274268741082e-10
1.4984342400275372e-10
1.488642216240642e-10
1.478949950899151e-10
1.469356063996203e-10
1.4598591996126556e-10
1.450458025410206e-10
1.4411512321370387e-10
1.4319375331454064e-10
1.4228156639212415e-10
1.4137843816250208e-10
1.4048424646438336e-10
1.3959887121542892e-10
1.3872219436958732e-10
1.3785409987545758e-10
1.3699447363565152e-10
1.3614320346712324e-10
1.353001790624228e-10
1.344652919519003e-10
1.3363843546676295e-10
1.3281950470303074e-10
1.3200839648631607e-10
1.312050093374383e-10
1.3040924343882599e-10
1.2962100060170069e-10
1.2884018423403446e-10
1.280666993092131e-10
1.273004523354496e-10
1.2654135132588e-10
1.2578930576934127e-10
1.2504422660181405e-10
1.243060261785176e-10
1.2357461824662895e-10
1.2284991791861335e-10
1.2213184164614711e-10
1.2142030719465246e-10
1.2071523361834755e-10
1.2001654123590923e-10
1.1932415160661474e-10
1.18637987507067e-10
1.1795797290838327e-10
1.1728403295390596e-10
1.1661609393740847e-10
1.1595408328175155e-10
1.1529792951802051e-10
1.1464756226510641e-10
1.140029122097306e-10
1.1336391108689615e-10
1.1273049166075092e-10
1.1210258770588448e-10
1.1148013398898755e-10
1.1086306625092208e-10
1.1025132118917821e-10
1.0964483644066997e-10
1.0904355056493329e-10
1.0844740302763696e-10
1.0785633418446623e-10
1.0727028526532805e-10
1.0668919835888963e-10
1.0611301639743214e-10
1.0554168314202345e-10
1.0497514316799077e-10
1.0441334185069218e-10
1.0385622535158144e-10
1.0330374060455336e-10
1.0275583530257062e-10
1.0221245788455729e-10
1.0167355752256013e-10
1.0113908410916842e-10
1.0060898824518467e-10
1.0008322122754322e-10
9.956173503747081e-11
9.904448232888038e-11
9.853141641699961e-11
9.802249126721836e-11
9.751766148416156e-11
9.701688230097542e-11
9.652010956882181e-11
9.602729974658096e-11
9.553840989075298e-11
9.505339764555737e-11
9.457222123322338e-11
9.409483944446785e-11
9.362121162915809e-11
9.315129768715383e-11
9.268505805932385e-11
9.222245371873142e-11
9.176344616199609e-11
9.130799740082018e-11
9.085606995365139e-11
9.04076268375416e-11
8.996263156013574e-11
8.952104811180141e-11
8.908284095794417e-11
8.864797503141381e-11
8.821641572510796e-11
8.778812888466803e-11
8.736308080132816e-11
8.694123820491288e-11
8.65225682569305e-11
8.61070385438134e-11
8.569461707029143e-11
8.528527225286028e-11
8.487897291339334e-11
8.44756882728488e-11
8.40753879451158e-11
8.367804193094773e-11
8.328362061201963e-11
8.289209474508608e-11
8.250343545624778e-11
8.211761423531809e-11
8.173460293029195e-11
8.1354373741911e-11
8.097689921832692e-11
8.060215224986386e-11
8.023010606386115e-11
7.986073421961916e-11
7.949401061598105e-11
7.912990943637761e-11
7.87684052189101e-11
7.84143283788661e-11
7.805308731850854e-11
7.769922424447656e-11
7.734785931545141e-11
7.699896857459815e-11
7.665252835529537e-11
7.630851527690942e-11
7.596690624060382e-11
7.562767842524981e-11
7.529080928339349e-11
7.495627653728308e-11
7.462405817498342e-11
7.429413244654389e-11
7.396647786022986e-11
7.364107317881862e-11
7.331789741596582e-11
7.299692983262608e-11
7.267814993352781e-11
7.236153746371736e-11
7.204707240515525e-11
7.173473497336881e-11
7.142450561416266e-11
7.111636500037978e-11
7.081029402871934e-11
7.05062738166051e-11
7.020428569910678e-11
6.990431122590301e-11
6.960633215831872e-11
6.931033046636855e-11
6.901628832589169e-11
6.872418811571437e-11
6.843401241484032e-11
6.814574399972181e-11
6.785936584155651e-11
6.7574861103612e-11
6.729221313862478e-11
6.701140548622634e-11
6.673242187039226e-11
6.645524619696593e-11
6.617986255119447e-11
6.5906255195322e-11
6.563440856620284e-11
6.536430727296232e-11
6.50959360947014e-11
6.482927997822359e-11
6.45643240358044e-11
6.430105354299415e-11
6.403945393645369e-11
6.377951081183248e-11
6.352120992166057e-11