1.3699999667265823e-9
4.497962056746692e-9
6.676480133912214e-9
8.312962390945794e-9
9.52216685255013e-9
1.0394023628324565e-8
1.1002102678200133e-8
1.1405330748529695e-8
1.1650174078623488e-8
1.1772971386336624e-8
1.180203953335532e-8
1.1759424780367963e-8
1.166230116135066e-8
1.1524064206639589e-8
1.1355177742286252e-8
1.1163826722256481e-8
1.0956420098152663e-8
1.0737978641625017e-8
1.0512434749345517e-8
1.02828649351903e-8
1.0051670743918088e-8
9.820720047733517e-9
9.591457805962882e-9
9.364993202490091e-9
9.142168438344921e-9
8.923613221752339e-9
8.7097880634792e-9
8.501018776297906e-9
8.2975240375749e-9
8.099437461462106e-9
7.90682531066937e-9
7.719700733954336e-9
7.5380352269976e-9
7.361767867735902e-9
7.190812763230217e-9
7.025065055707916e-9
6.864405765265768e-9
6.708705691380163e-9
6.5578285515894696e-9
6.411633501008564e-9
6.269977148296364e-9
6.132715162570515e-9
5.99970354648046e-9
5.870799637671176e-9
5.745862889862897e-9
5.624755472001792e-9
5.507342722394319e-9
5.3934934828585405e-9
5.2830803361934e-9
5.175979765850142e-9
5.072072251475586e-9
4.971242314621855e-9
4.873378523453065e-9
4.778373465352592e-9
4.6861236942191386e-9
4.59652965809305e-9
4.509495611735648e-9
4.424929517946326e-9
4.3427429407085965e-9
4.2628509326843945e-9
4.185171919102545e-9
4.109627579696128e-9
4.036142730020666e-9
3.964645203217189e-9
3.89506573306411e-9
3.827337838979333e-9
3.761397713484011e-9
3.697184112515475e-9
3.634638248875996e-9
3.5737036890198678e-9
3.5143262533141358e-9
3.4564539198530324e-9
3.400036731860628e-9
3.345026708681316e-9
3.2913777603283094e-9
3.23904560553784e-9
3.1879876932589648e-9
3.138163127495895e-9
3.089532595408446e-9
3.042058298569983e-9
2.9957038872766043e-9
2.9504343977979826e-9
2.9062161924595563e-9
2.8630169024436493e-9
2.820805373199785e-9
2.779551612353759e-9
2.7392267400090053e-9
2.6998029413341972e-9
2.661253421335824e-9
2.6235523617164245e-9
2.586674879722316e-9
2.55059698888903e-9
2.5152955615956275e-9
2.4807482933417954e-9
2.4469336686670948e-9
2.41383092863308e-9
2.381420039793797e-9
2.3496816645830517e-9
2.318597133050286e-9
2.2881484158243643e-9
2.2583180985679476e-9
2.2290893570695434e-9
2.2004459339528894e-9
2.1723721161893695e-9
2.144852713660798e-9
2.117873038675217e-9
2.0914188863898505e-9
2.0654765160978214e-9
2.0400326333365608e-9
2.0150743727785766e-9
1.990589277555408e-9
1.966565305130465e-9
1.942990769330899e-9
1.9198543689383323e-9
1.8971451525339867e-9
1.8748525096414025e-9
1.8529661581450794e-9
1.8314761322395043e-9
1.8103727708843687e-9
1.7896467067415285e-9
1.769288855572336e-9
1.7492904060731323e-9
1.7296428101294415e-9
1.7103377734694295e-9
1.6913672466981771e-9
1.6727234166958003e-9
1.6543986983627504e-9
1.6363857266965725e-9
1.618677349185606e-9
1.6012666185047499e-9
1.5841467855006236e-9
1.567311292452904e-9
1.5507537665993839e-9
1.5344680139138417e-9
1.5184480131250525e-9
1.5026879099667212e-9
1.487182011648124e-9
1.4719247815364533e-9
1.4569108340408071e-9
1.4421349296902985e-9
1.4275919703972025e-9
1.4132769948975122e-9
1.399185174361705e-9
1.3853118081682822e-9
1.3716523198330819e-9
1.3582022530885119e-9
1.3449572681058053e-9
1.3319131378548003e-9
1.3190657445955693e-9
1.3064110764962611e-9
1.2939452243723891e-9
1.2816643785421746e-9
1.2695648257938043e-9
1.257642946459645e-9
1.2458952115935405e-9
1.2343181802465812e-9
1.2229084968380508e-9
1.2116628886172146e-9
1.200578163213014e-9
1.1896512062674605e-9
1.1788789791502636e-9
1.168258516751017e-9
1.1577869253460304e-9
1.1474613805372512e-9
1.1372791252601036e-9
1.1272374678579937e-9
1.117333780220591e-9
1.1075654959838342e-9
1.0979301087890833e-9
1.088425170599453e-9
1.0790482900707878e-9
1.0697971309760574e-9
1.0606694106798642e-9
1.0516628986628544e-9
1.042775415092959e-9
1.0340048294420412e-9
1.0253490591470086e-9
1.0168060683126628e-9
1.0083738664556235e-9
1.0000505072877588e-9
9.918340875370423e-10
9.837227458055316e-10
9.757146614624529e-10
9.678080535711695e-10
9.600011798493368e-10
9.522923356605651e-10
9.446798530368148e-10
9.371620997303262e-10
9.297374782939594e-10
9.224044251894274e-10
9.151614099217386e-10
9.080069341998584e-10
9.009395311217528e-10
8.939577643836799e-10
8.870602275127013e-10
8.802455431217335e-10
8.735123621857927e-10
8.668593633398337e-10
8.602852521964927e-10
8.537887606839341e-10
8.473686464014396e-10
8.41023691994862e-10
8.347527045489121e-10
8.285545149968759e-10
8.224279775470124e-10
8.163719691248998e-10
8.103853888314156e-10
8.044671574159156e-10
7.986162167638158e-10
7.92831529398395e-10
7.871120779965222e-10
7.814568649171468e-10
7.758649117431241e-10
7.703352588353491e-10
7.648669648987135e-10
7.594591065601519e-10
7.541107779577783e-10
7.488210903410329e-10
7.435891716814505e-10
7.384141662941239e-10
7.332952344683654e-10
7.282315521091635e-10
7.232223103870666e-10
7.182667153978811e-10
7.133639878308407e-10
7.085133626456616e-10
7.03714088757819e-10
6.989654287317311e-10
6.94266658482218e-10
6.896170669833868e-10
6.850159559847356e-10
6.804626397347752e-10
6.759564447114945e-10
6.714967083306596e-10
6.670827830957442e-10
6.627140297524165e-10
6.583898199466744e-10
6.541095382306534e-10
6.498725791659796e-10
6.456783478365824e-10
6.415262596283337e-10
6.374157400142302e-10
6.333462243444986e-10
6.293171576420851e-10
6.253279944028933e-10
6.213781984009553e-10
6.174672424982587e-10
6.135946084582972e-10
6.097597867683254e-10
6.05962276457207e-10
6.02201584926078e-10
5.984772277793293e-10
5.947887286593494e-10
5.911356190862271e-10
5.875174383004615e-10
5.839337331096371e-10
5.803840577387232e-10
5.768679736835831e-10
5.733850495680904e-10
5.699348610044739e-10
5.665169904567757e-10
5.631310271074273e-10
5.597765667271318e-10
5.564532115472535e-10
5.531605701354049e-10
5.49898257273756e-10
5.466658938401939e-10
5.434631066917097e-10
5.402895285510881e-10
5.371447978952987e-10
5.340285588472509e-10
5.309404610690947e-10
5.278801596583394e-10
5.248473150464215e-10
5.218415928988277e-10
5.188626640181134e-10
5.159102042485666e-10
5.129838943830943e-10
5.100834200709255e-10
5.072084717334272e-10
5.043587444694898e-10
5.015339379748666e-10
4.987337564576501e-10
4.959579085564258e-10
4.932061072600985e-10
4.904780698297381e-10
4.877735177217988e-10
4.850921765129994e-10
4.824337758268081e-10
4.797980492615929e-10
4.77184734319877e-10
4.745935723396843e-10
4.720243084264992e-10
4.694766913874832e-10
4.669504736663715e-10
4.644454112800539e-10
4.6196126375632813e-10
4.5949779407299127e-10
4.570547685980714e-10
4.54631957031438e-10
4.522291323472635e-10
4.498460707381677e-10
4.474825515599108e-10
4.451383572775182e-10
4.4281327341250315e-10
4.4050708849104076e-10
4.3821959399308603e-10
4.3595058430261876e-10
4.3369985665899637e-10
4.314672111089074e-10
4.2925245045955885e-10
4.270553802327775e-10
4.248758086197405e-10
4.2271354643695495e-10
4.2056840708272126e-10
4.1844020649476085e-10
4.1632876310851973e-10
4.1423389781602184e-10
4.12155433926145e-10
4.1009319712496624e-10
4.080470154373801e-10
4.060167191889621e-10
4.04002140969223e-10
4.020031155945864e-10
4.0001948007345146e-10
3.980510735700993e-10
3.9609773737117707e-10
3.941593148515043e-10
3.922356514406055e-10
3.9032659459094985e-10
3.8843199374527296e-10
3.8655170030566335e-10
3.8468556760253725e-10
3.8283345086462674e-10
3.8099520718939433e-10
3.7917069551341223e-10
3.7735977658448484e-10
3.755623129333862e-10
3.737781688457489e-10
3.7200721033580816e-10
3.702493051193014e-10
3.6850432258756254e-10
3.6677213378205747e-10
3.650526113689955e-10
3.633456296147337e-10
3.6165106436140145e-10
3.599687930031226e-10
3.5829869446283757e-10
3.5664064916874916e-10
3.5499453903232663e-10
3.533582519988058e-10
3.517376591597825e-10
3.5012666046353255e-10
3.4852713896191445e-10
3.4693898365600415e-10
3.4536208490210195e-10
3.437963343922018e-10
3.4224162513409554e-10
3.406978514319431e-10
3.391649088678016e-10
3.3764269428242133e-10
3.36131105757276e-10
3.346300425964438e-10
3.331394053089344e-10
3.316590955912271e-10
3.3018901631020744e-10
3.287290714862754e-10
3.2727916627692464e-10
3.258392069605018e-10
3.244091009198822e-10
3.229887566272869e-10
3.215780836283497e-10
3.2017699252715114e-10
3.187853949712695e-10
3.1740320363699843e-10
3.160303322148653e-10
3.146666953954744e-10
3.1331220885553105e-10
3.119667892440863e-10
3.1063035416889413e-10
3.093028221831639e-10
3.0798411277253396e-10
3.0667414634208937e-10
3.0537284420361657e-10
3.0408012856338974e-10
3.027959225096771e-10
3.0152015000068336e-10
3.002527358506935e-10
2.989936057265556e-10
2.9774268612381535e-10
2.96499904363683e-10
2.9526518857990535e-10
2.940384677075867e-10
2.928196714724862e-10
2.9160873038055273e-10
2.904055757071627e-10
2.8921013948725636e-10
2.880223545047262e-10
2.8684215428280556e-10
2.856694730740426e-10
2.8450424585080483e-10