4.4475208806101495e-11
6.326270409753999e-10
1.2119599925726465e-9
1.6618396934065856e-9
1.989326492553923e-9
2.219128080832964e-9
2.374657500935212e-9
2.4746539603750364e-9
2.533365038959788e-9
2.56143963593984e-9
2.566805286031773e-9
2.555372954004869e-9
2.5315672875229906e-9
2.4987159455317347e-9
2.4593332829889486e-9
2.4153270903658813e-9
2.3681498611714773e-9
2.3189101264898055e-9
2.2684549543047607e-9
2.217431515722095e-9
2.1663333541648177e-9
2.1155353965170002e-9
2.0653206182712963e-9
2.015900476730474e-9
1.967430658057998e-9
1.920023276756741e-9
1.87375637221548e-9
1.828681333341864e-9
1.7848287258868306e-9
1.7422128817450204e-9
1.7008355239000941e-9
1.660688636696855e-9
1.6217567429919312e-9
1.5840187132960642e-9
1.547449204365378e-9
1.5120198033032129e-9
1.4777001308761025e-9
1.4444575941428611e-9
1.4122598975189506e-9
1.3810735551906228e-9
1.3508652155409916e-9
1.3216017442435864e-9
1.2932504386245105e-9
1.2657791915891031e-9
1.2391566148491942e-9
1.2133521296158304e-9
1.1883360308868937e-9
1.1640795307454224e-9
1.1405547848083704e-9
1.1177349052679081e-9
1.0955939633120365e-9
1.0741069831904196e-9
1.0532499297677516e-9
1.0329996910622694e-9
1.0133340569856165e-9
9.942316952707327e-10
9.756721253865244e-10
9.57635691084464e-10
9.401035320963853e-10
9.23057555399638e-10
9.064804063812655e-10
8.903554401636523e-10
8.746666932973531e-10
8.593988559796785e-10
8.445372449250996e-10
8.300677769663507e-10
8.159769434666741e-10
8.022517855767364e-10
7.888798703688412e-10
7.758492678625736e-10
7.631485289460568e-10
7.5076666418852e-10
7.386931235331559e-10
7.26917776854135e-10
7.154308953567937e-10
7.042231338007e-10
6.932855135153059e-10
6.82609406185776e-10
6.721865183791326e-10
6.620088767827511e-10
6.520688141267233e-10
6.423589557616678e-10
6.328722068639326e-10
6.236017421049924e-10
6.145409866265565e-10
6.056836159724486e-10
5.970235363087945e-10
5.885548840063501e-10
5.802720043133807e-10
5.721694500251418e-10
5.642419708380381e-10
5.564845050533412e-10
5.488921716690009e-10
5.414602628405181e-10
5.341842366927805e-10
5.270597104655156e-10
5.200824539759229e-10
5.132483833827921e-10
5.065535552372212e-10
4.999941608057493e-10
4.935665206524474e-10
4.872670794671853e-10
4.81092401127927e-10
4.750391639911155e-10
4.691041563661488e-10
4.6328427224518984e-10
4.575765071710015e-10
4.519779543130503e-10
4.4648580071159e-10
4.4109732368649585e-10
4.358098874028692e-10
4.3062093958586764e-10
4.255280083775729e-10
4.2052869932911324e-10
4.1562069252155285e-10
4.108017398094778e-10
4.06069662181418e-10
4.0142234723162266e-10
3.968577467379551e-10
3.9237387434091935e-10
3.8796880331915013e-10
3.836406644568359e-10
3.793876439988741e-10
3.752079816896957e-10
3.7109996889193373e-10
3.670619467812966e-10
3.6309230461418736e-10
3.591894780647721e-10
3.553519476283869e-10
3.515782370882919e-10
3.4786691204298587e-10
3.4421657849133355e-10
3.406258814730104e-10
3.370935037618025e-10
3.3361816460944655e-10
3.301986185378235e-10
3.268336541773885e-10
3.2352209314987336e-10
3.2026278899331133e-10
3.1705462612762696e-10
3.1389651885901775e-10
3.1078741042153327e-10
3.0772627205422464e-10
3.047121021124276e-10
3.0174392521171155e-10
2.9882079140317476e-10
2.959417753787406e-10
2.931059757052676e-10
2.9031251408626227e-10
2.875605346500759e-10
2.848492032635153e-10
2.821777068698269e-10
2.795452528501308e-10
2.7695106840713626e-10
2.743943999707551e-10
2.7187451262412063e-10
2.693906895496432e-10
2.669422314941612e-10
2.6452845625243785e-10
2.621486981683205e-10
2.5980230765287555e-10
2.574886507188e-10
2.5520710853055406e-10
2.529570769695581e-10
2.507379662138899e-10
2.4854920033197285e-10
2.4639021688966355e-10
2.442604846237443e-10
2.421594128071066e-10
2.4008653142780214e-10
2.3804131031043993e-10
2.3602324905059785e-10
2.3403185863917186e-10
2.3206666115049798e-10
2.3012718944042395e-10
2.2821298685394346e-10
2.263236069420692e-10
2.2445861318760967e-10
2.2261757918253072e-10
2.208000866061791e-10
2.190057276102397e-10
2.172341028294707e-10
2.1548482158208002e-10
2.1375750164264168e-10
2.1205176902192818e-10
2.1036725727599453e-10
2.0870360920822597e-10
2.0706047380714732e-10
2.0543750795695724e-10
2.0383437577294595e-10
2.022507484181251e-10
2.00686303925287e-10
1.9914072702428645e-10
1.976137089743932e-10
1.961049474015384e-10
1.946141461402989e-10
1.9314101508044025e-10
1.9168527001789355e-10
1.9024663251002365e-10
1.888248297350016e-10
1.8741959435521645e-10
1.8603066438454277e-10
1.8465778305934843e-10
1.833006987131514e-10
1.8195916465477073e-10
1.8063293904988343e-10
1.7932178480586867e-10
1.7802546945984596e-10
1.7674376506978783e-10
1.7547644810862661e-10
1.7422329936126722e-10
1.7298410382530922e-10
1.717586506099099e-10
1.7054673284639348e-10
1.6934814759236098e-10
1.681626957427739e-10
1.6699018194253468e-10
1.658304145013946e-10
1.6468320531112207e-10
1.6354836976485346e-10
1.62425726678558e-10
1.6131509821457269e-10
1.602163098071227e-10
1.5912919008864647e-10
1.5805357082369727e-10
1.5698928683324088e-10
1.5593617593217493e-10
1.5489407886281417e-10
1.5386283923122225e-10
1.5284230344514376e-10
1.5183232065349455e-10
1.5083274268741087e-10
1.4984342400275374e-10
1.4886422162406405e-10
1.4789499508991496e-10
1.4693560639962018e-10
1.4598591996126543e-10
1.4504580254102045e-10
1.4411512321370387e-10
1.4319375331454046e-10
1.4228156639212392e-10
1.4137843816250203e-10
1.4048424646438323e-10
1.39598871215429e-10
1.387221943695873e-10
1.3785409987545755e-10
1.369944736356515e-10
1.3614320346712303e-10
1.353001790624227e-10
1.3446529195190017e-10
1.3363843546676284e-10
1.328195047030307e-10
1.3200839648631597e-10
1.3120500933743824e-10
1.304092434388258e-10
1.296210006017007e-10
1.288401842340344e-10
1.2806669930921298e-10
1.2730045233544957e-10
1.2654135132588002e-10
1.2578930576934114e-10
1.2504422660181395e-10
1.243060261785175e-10
1.2357461824662885e-10
1.2284991791861327e-10
1.221318416461471e-10
1.2142030719465228e-10
1.2071523361834747e-10
1.2001654123590912e-10
1.1932415160661464e-10
1.1863798750706694e-10
1.1795797290838317e-10
1.1728403295390573e-10
1.1661609393740837e-10
1.1595408328175143e-10
1.1529792951802042e-10
1.1464756226510646e-10
1.1400291220973066e-10
1.1336391108689603e-10
1.1273049166075088e-10
1.1210258770588438e-10
1.1148013398898743e-10
1.1086306625092195e-10
1.1025132118917811e-10
1.0964483644067001e-10
1.0904355056493333e-10
1.0844740302763694e-10
1.0785633418446616e-10
1.0727028526532802e-10
1.0668919835888948e-10
1.0611301639743201e-10
1.055416831420234e-10
1.0497514316799067e-10
1.0441334185069202e-10
1.0385622535158141e-10
1.0330374060455337e-10
1.0275583530257051e-10
1.0221245788455719e-10
1.0167355752256006e-10
1.0113908410916845e-10
1.0060898824518462e-10
1.000832212275431e-10
9.956173503747081e-11
9.904448232888031e-11
9.853141641699957e-11
9.802249126721834e-11
9.751766148416152e-11
9.701688230097542e-11
9.652010956882165e-11
9.60272997465809e-11
9.553840989075293e-11
9.505339764555735e-11
9.457222123322334e-11
9.409483944446782e-11
9.362121162915806e-11
9.315129768715379e-11
9.268505805932379e-11
9.222245371873137e-11
9.176344616199602e-11
9.130799740082022e-11
9.085606995365142e-11
9.040762683754157e-11
8.996263156013567e-11
8.95210481118014e-11
8.908284095794412e-11
8.864797503141392e-11
8.821641572510796e-11
8.778812888466798e-11
8.73630808013281e-11
8.694123820491293e-11
8.652256825693053e-11
8.610703854381331e-11
8.569461707029137e-11
8.528527225286023e-11
8.48789729133932e-11
8.447568827284888e-11
8.40753879451157e-11
8.367804193094767e-11
8.328362061201953e-11
8.289209474508598e-11
8.250343545624765e-11
8.211761423531807e-11
8.1734602930292e-11
8.135437374191099e-11
8.097689921832692e-11
8.060215224986395e-11
8.023010606386117e-11
7.986073421961922e-11
7.949401061598114e-11
7.912990943637765e-11
7.876840521891058e-11
7.841432837886615e-11
7.805308731850862e-11
7.769922424447653e-11
7.734785931545142e-11
7.699896857459816e-11
7.665252835529527e-11
7.630851527690941e-11
7.596690624060383e-11
7.562767842524972e-11
7.529080928339353e-11
7.4956276537283e-11
7.462405817498334e-11
7.429413244654393e-11
7.396647786022986e-11
7.364107317881858e-11
7.331789741596583e-11
7.299692983262611e-11
7.267814993352777e-11
7.236153746371736e-11
7.204707240515525e-11
7.173473497336882e-11
7.142450561416269e-11
7.111636500037973e-11
7.081029402871931e-11
7.050627381660512e-11
7.020428569910679e-11
6.990431122590299e-11
6.960633215831886e-11
6.931033046636854e-11
6.901628832589169e-11
6.872418811571433e-11
6.843401241484031e-11
6.81457439997218e-11
6.785936584155665e-11
6.757486110361195e-11
6.729221313862476e-11
6.701140548622639e-11
6.673242187039224e-11
6.645524619696587e-11
6.617986255119442e-11
6.590625519532195e-11
6.563440856620277e-11
6.536430727296224e-11
6.509593609470132e-11
6.482927997822354e-11
6.45643240358044e-11
6.430105354299422e-11
6.40394539364538e-11
6.37795108118325e-11
6.352120992166061e-11