3.4329527284163674e-10
3.4380088982248014e-10
3.4531806270539934e-10
3.478477577944088e-10
3.513915872066026e-10
3.5595181129096165e-10
3.615313420210984e-10
3.6813374736838357e-10
3.7576325666378263e-10
3.8442476695863784e-10
3.9412385039659047e-10
4.0486676261082547e-10
4.166604521628805e-10
4.2951257104136437e-10
4.434314862411119e-10
4.584262924455637e-10
4.745068258374927e-10
4.916836790656557e-10
5.099682173974683e-10
5.293725960904896e-10
5.499097790182636e-10
5.715935585890082e-10
5.944385769987019e-10
6.184603488633683e-10
6.43675285278758e-10
6.701007193592471e-10
6.977549333115696e-10
7.26657187103045e-10
7.568277487882357e-10
7.882879265625099e-10
8.210601026158017e-10
8.551677688649804e-10
8.906355646487102e-10
9.274893164744588e-10
9.657560799135293e-10
1.0054641837465694e-9
1.0466432764690598e-9
1.0893243752738188e-9
1.1335399176355851e-9
1.1793238156313497e-9
1.2267115131393098e-9
1.2757400460691893e-9
1.326448105787199e-9
1.3788761059102782e-9
1.4330662526563798e-9
1.4890626189506202e-9
1.5469112225011167e-9
1.6066601080734167e-9
1.6683594342085946e-9
1.7320615646475205e-9
1.7978211647426133e-9
1.865695303158539e-9
1.9357435591851753e-9
2.0080281360096163e-9
2.0826139803194113e-9
2.159568908636605e-9
2.23896374081176e-9
2.3208724411391764e-9
2.4053722675891717e-9
2.4925439296907735e-9
2.5824717556388553e-9
2.6752438692437866e-9
2.770952377389487e-9
2.8696935687176527e-9
2.97156812431234e-9
3.076681341220345e-9
3.185143369709545e-9
3.2970694652399147e-9
3.412580256201085e-9
3.5318020285565523e-9
3.654867028628674e-9
3.781913785361499e-9
3.9130874535106445e-9
4.048540179332406e-9
4.188431490478677e-9
4.332928711951602e-9
4.482207410133471e-9
4.6364518670845745e-9
4.795855587496542e-9
4.960621840902734e-9
5.130964241982837e-9
5.3071073720583215e-9
5.489287445161422e-9
5.677753022376062e-9
5.872765778497782e-9
6.0746013254452735e-9
6.283550097283059e-9
6.499918302187503e-9
6.7240289472130115e-9
6.956222942297698e-9
7.1968602905951525e-9
7.446321372939567e-9
7.705008335054332e-9
7.973346587009766e-9
8.251786425435896e-9
8.540804790114772e-9
8.840907167829247e-9
9.152629657749133e-9
9.476541214212052e-9
9.813246084528127e-9
1.0163386461432354e-8
1.0527645372057036e-8
1.0906749827835135e-8
1.1301474262615462e-8
1.17126442895205e-8
1.2141140810763476e-8
1.2587904518828134e-8
1.3053940832178495e-8
1.3540325314095613e-8
1.4048209629437437e-8
1.457882810120804e-8
1.5133504936947115e-8
1.571366220427779e-8
1.632082864567852e-8
1.695664943491025e-8
1.762289699180893e-8
1.8321482988680266e-8
1.9054471700701045e-8
1.9824094875012192e-8
2.0632768319148908e-8
2.1483110439770695e-8
2.237796299814811e-8
2.3320414390523378e-8
2.4313825810484702e-8
2.536186070834039e-8
2.6468518030922995e-8
2.7638169806474743e-8
2.8875603735933468e-8
3.0186071567350175e-8
3.1575344168397456e-8
3.304977437803857e-8
3.461636891872588e-8
3.628287089289457e-8
3.805785468194549e-8
3.9950835424925746e-8
4.197239569364963e-8
4.413433252136689e-8
4.644982860932261e-8
4.893365236320283e-8
5.160239244298499e-8
5.4474733801735525e-8
5.757178381562956e-8
6.091745916681025e-8
6.453894676262052e-8
6.846725533297453e-8
7.273787867614657e-8
7.739159713947308e-8
8.247545125953624e-8
8.804393114514429e-8
9.416043799914441e-8
1.0089909131241484e-7
1.0834697838614634e-7
1.1660697432825674e-7
1.2580130397991412e-7
1.3607607742664128e-7
1.47607115368227e-7
1.6060750101314515e-7
1.7533746868089374e-7
1.921174928944736e-7
2.1134581800573194e-7
2.3352223582513415e-7
2.592807897507697e-7
2.894354470362309e-7
3.25044959783152e-7
3.6750670026460736e-7
4.1869524103355786e-7
4.811717888988253e-7
5.585090216218858e-7
6.558099696883758e-7
7.805652457745319e-7
9.441254170223717e-7
1.1643474579354093e-6
1.4706140246861287e-6
1.9139870065024835e-6
2.589428671376826e-6
3.689428394557253e-6
5.650426855141963e-6
9.619620502205075e-6
0.000019205697970496
0.000044521416919850995
9.77354734275432e-7
0.000044521416919850995