3.87996068323933e-12
4.375071175730318e-12
5.860727896946994e-12
8.337907060071017e-12
1.1808237294487687e-11
1.6274002060113198e-11
2.1738143033871687e-11
2.820426447476961e-11
3.5676638575898094e-11
4.416021181360797e-11
5.366061230605444e-11
6.418415819530593e-11
7.573786706926335e-11
8.832946644174607e-11
1.0196740531128411e-10
1.1666086682141249e-10
1.3241978204760911e-10
1.4925484493845828e-10
1.671775284411664e-10
1.8620010184421881e-10
2.063356493727535e-10
2.2759809007515354e-10
2.5000219904243126e-10
2.735636300052255e-10
2.98298939356633e-10
3.242256116527156e-10
3.5136208664632863e-10
3.7972778791395474e-10
4.09343153139509e-10
4.4022966612361484e-10
4.72409890591679e-10
5.059075058792093e-10
5.407473445782836e-10
5.769554322348751e-10
6.145590291929351e-10
6.535866746877331e-10
6.940682332979998e-10
7.360349438739426e-10
7.795194710662523e-10
8.245559595898134e-10
8.711800913650466e-10
9.194291456896716e-10
9.693420626042265e-10
1.0209595096260406e-9
1.0743239520384862e-9
1.1294797269353861e-9
1.1864731212344808e-9
1.2453524538889158e-9
1.3061681625419084e-9
1.3689728948871809e-9
1.4338216050165363e-9
1.5007716550561476e-9
1.5698829224149608e-9
1.6412179129920825e-9
1.7148418807154526e-9
1.7908229538114815e-9
1.8692322682349307e-9
1.9501441087204032e-9
2.0336360579514035e-9
2.1197891543804788e-9
2.2086880592746075e-9
2.3004212336040736e-9
2.3950811254408524e-9
2.492764368584496e-9
2.5935719931898443e-9
2.6976096492322395e-9
2.804987843712593e-9
2.9158221925772723e-9
3.030233688406907e-9
3.1483489850144754e-9
3.2703007001871173e-9
3.3962277379089997e-9
3.5262756315147883e-9
3.660596909346249e-9
3.799351484618953e-9
3.942707071353405e-9
4.090839628386533e-9
4.243933833656789e-9
4.402183591150823e-9
4.565792573113912e-9
4.734974800361927e-9
4.90995526379207e-9
5.0909705904758594e-9
5.278269758033514e-9
5.472114861337649e-9
5.67278193597985e-9
5.8805618433606604e-9
6.095761222736289e-9
6.318703516080122e-9
6.549730072199651e-9
6.789201337196929e-9
7.037498139081431e-9
7.295023075147196e-9
7.56220201162191e-9
7.839485706095965e-9
8.127351564358406e-9
8.426305544519347e-9
8.736884222702669e-9
9.059657036169574e-9
9.395228721505789e-9
9.744241967500231e-9
1.0107380304592003e-8
1.0485371255301567e-8
1.087898977293256e-8
1.1289061999081336e-8
1.1716469374177724e-8
1.2162153139468411e-8
1.2627119273618877e-8
1.3112443912540928e-8
1.3619279307252985e-8
1.4148860381672045e-8
1.470251196036242e-8
1.5281656745595425e-8
1.5887824133804177e-8
1.6522659973885348e-8
1.7187937384081877e-8
1.788556876071043e-8
1.8617619131169014e-8
1.938632102594534e-8
2.01940910703121e-8
2.10435485267188e-8
2.1937536054391253e-8
2.287914299431826e-8
2.3871731536838097e-8
2.4918966186894983e-8
2.602484701049415e-8
2.7193747227121364e-8
2.8430455809580456e-8
2.974022586813787e-8
3.11288297341194e-8
3.2602621824248237e-8
3.416861056735394e-8
3.5834540917527504e-8
3.7608989272285976e-8
3.950147297339794e-8
4.152257700764419e-8
4.368410106526264e-8
4.599923078119915e-8
4.84827378121046e-8
5.1151214433753305e-8
5.402334963584379e-8
5.712025531820764e-8
6.046585325221293e-8
6.40873360935994e-8
6.80157190919003e-8
7.228650347099883e-8
7.694047807273088e-8
8.202469319501362e-8
8.75936502166983e-8
9.371076341668088e-8
1.0045016753561415e-7
1.0789896775605273e-7
1.161600602730321e-7
1.2535569494607297e-7
1.35632011734417e-7
1.471648672543846e-7
1.6016738821389288e-7
1.7489986203247798e-7
1.9168282860604204e-7
2.1091461351339673e-7
2.3309511050729252e-7
2.588584923353928e-7
2.890188923628922e-7
3.2463527886531213e-7
3.6710530961941125e-7
4.183039405119512e-7
4.807929026696261e-7
5.5814560624255e-7
6.554661296399918e-7
7.80246627160239e-7
9.438400086467837e-7
1.1641069480841184e-6
1.4704362200325206e-6
1.9139004226837843e-6
2.5894819501767287e-6
3.6897116480462865e-6
5.651126889590949e-6
9.621192573512583e-6
0.000019209565627204496
0.00004453416319498727
1.0183040427055394e-6
0.00004453416319498727