-1.0116194459442058e-10
-1.0066683410192957e-10
-9.918117738071289e-11
-9.670399821758888e-11
-9.323366798317218e-11
-8.876790321754671e-11
-8.330376224378817e-11
-7.68376408028903e-11
-6.936526670176182e-11
-6.08816934640519e-11
-5.138129297160548e-11
-4.085774708235394e-11
-2.9304038208396584e-11
-1.6712438835913812e-11
-3.0744999663757518e-12
1.1618961543752572e-11
2.7377876769949225e-11
4.421293966079839e-11
6.213562316350647e-11
8.1158196566559e-11
1.0129374409509373e-10
1.2255618479749363e-10
1.4496029376477138e-10
1.6852172472756557e-10
1.9325703407897305e-10
2.1918370637505575e-10
2.4632018136866866e-10
2.7468588263629493e-10
3.0430124786184907e-10
3.3518776084595503e-10
3.6736798531401923e-10
4.008656006015494e-10
4.3570543930062375e-10
4.719135269572151e-10
5.095171239152753e-10
5.485447694100732e-10
5.890263280203401e-10
6.309930385962828e-10
6.744775657885924e-10
7.195140543121536e-10
7.66138186087387e-10
8.143872404120119e-10
8.643001573265666e-10
9.15917604348381e-10
9.692820467608263e-10
1.0244378216577262e-9
1.0814312159568211e-9
1.1403105486112561e-9
1.2011262572642493e-9
1.2639309896095212e-9
1.328779699738876e-9
1.3957297497784877e-9
1.4648410171373009e-9
1.5361760077144228e-9
1.6097999754377927e-9
1.685781048533821e-9
1.7641903629572708e-9
1.8451022034427435e-9
1.928594152673744e-9
2.0147472491028182e-9
2.1036461539969478e-9
2.195379328326413e-9
2.290039220163193e-9
2.3877224633068364e-9
2.4885300879121846e-9
2.5925677439545794e-9
2.699945938434933e-9
2.810780287299613e-9
2.9251917831292486e-9
3.0433070797368157e-9
3.1652587949094576e-9
3.291185832631341e-9
3.4212337262371286e-9
3.555555004068591e-9
3.6943095793412938e-9
3.837665166075744e-9
3.985797723108873e-9
4.138891928379131e-9
4.297141685873163e-9
4.460750667836253e-9
4.629932895084267e-9
4.8049133585144095e-9
4.985928685198202e-9
5.173227852755857e-9
5.367072956059989e-9
5.56774003070219e-9
5.775519938083e-9
5.990719317458629e-9
6.213661610802462e-9
6.444688166921992e-9
6.684159431919271e-9
6.932456233803772e-9
7.189981169869536e-9
7.457160106344254e-9
7.734443800818302e-9
8.022309659080745e-9
8.321263639241687e-9
8.631842317425008e-9
8.954615130891915e-9
9.290186816228133e-9
9.639200062222573e-9
1.0002338399314345e-8
1.038032935002391e-8
1.07739478676549e-8
1.1184020093803675e-8
1.1611427468900066e-8
1.2057111234190752e-8
1.2522077368341217e-8
1.3007402007263267e-8
1.3514237401975336e-8
1.4043818476394386e-8
1.459747005508476e-8
1.5176614840317773e-8
1.5782782228526518e-8
1.6417618068607686e-8
1.7082895478804224e-8
1.7780526855432774e-8
1.8512577225891358e-8
1.9281279120667684e-8
2.008904916503444e-8
2.093850662144114e-8
2.1832494149113594e-8
2.2774101089040605e-8
2.3766689631560438e-8
2.481392428161732e-8
2.5919805105216494e-8
2.7088705321843705e-8
2.83254139043028e-8
2.963518396286022e-8
3.1023787828841745e-8
3.2497579918970574e-8
3.4063568662076277e-8
3.5729499012249836e-8
3.75039473670083e-8
3.939643106812029e-8
4.141753510236654e-8
4.3579059159985e-8
4.589418887592151e-8
4.837769590682695e-8
5.104617252847564e-8
5.3918307730566144e-8
5.701521341292998e-8
6.036081134693528e-8
6.398229418832178e-8
6.791067718662262e-8
7.218146156572116e-8
7.683543616745326e-8
8.191965128973598e-8
8.748860831142065e-8
9.360572151140325e-8
1.0034512563033649e-7
1.0779392585077506e-7
1.1605501836775447e-7
1.2525065304079536e-7
1.3552696982913936e-7
1.4705982534910693e-7
1.6006234630861527e-7
1.7479482012720027e-7
1.915777867007644e-7
2.108095716081191e-7
2.3299006860201488e-7
2.587534504301152e-7
2.889138504576146e-7
3.245302369600346e-7
3.670002677141336e-7
4.181988986066735e-7
4.806878607643485e-7
5.580405643372725e-7
6.553610877347144e-7
7.801415852549616e-7
9.437349667415064e-7
1.1640019061788406e-6
1.4703311781272434e-6
1.9137953807785067e-6
2.589376908271451e-6
3.6896066061410096e-6
5.6510218476856706e-6
9.62108753160731e-6
0.000019209460585299238
0.0000445340581530821
1.018199000801322e-6
0.0000445340581530821