5.091520213527914e-7
5.157323118621602e-8
5.46967345823586e-9
1.1807834984435166e-9
3.733190680346429e-10
1.4720353060809588e-10
6.668514609055897e-11
3.31052857360836e-11
1.7475111439306892e-11
9.602392186720899e-12
5.4026218768003595e-12
3.06788299107999e-12
1.7332066018598695e-12
9.581940589429528e-13
5.069861504465397e-13
2.4790981976820046e-13
1.0489112165592017e-13
3.271639102072548e-14
3.88338812494568e-15
1.349468458680749e-15
1.4401854571592142e-14
3.62392650895233e-14
6.252069199683502e-14
9.047569888406627e-14
1.18348639659345e-13
1.4504573138813622e-13
1.6990772677820878e-13
1.9256168526533515e-13
2.128233179652091e-13
2.3063210676958237e-13
2.46007916995632e-13
2.590218535805807e-13
2.6977664184131403e-13
2.7839342595733917e-13
2.8500291864120916e-13
2.897395148083495e-13
2.927374305452522e-13
2.941282277067673e-13
2.9403928566014314e-13
2.925929181574937e-13
2.89905926559373e-13
2.860894447533677e-13
2.8124897545624666e-13
2.754845484023688e-13
2.6889095241621665e-13
2.615580084050832e-13
2.5357086084812773e-13
2.450102727502649e-13
2.359529142099718e-13
2.2647163837157834e-13
2.166357410526109e-13
2.065112020772093e-13
1.9616090753521414e-13
1.8564485298456153e-13
1.7502032813694006e-13
1.6434208389502355e-13
1.5366248280231606e-13
1.430316340653942e-13
1.3249751434280005e-13
1.2210607548616685e-13
1.1190134038241202e-13
1.019254879915335e-13
9.221892861023493e-14
8.282037032235229e-14
7.376687752645027e-14
6.509392236132964e-14
5.6835429783065103e-14
4.9023816983535573e-14
4.169002778069279e-14
3.486356255533096e-14
2.857250425785394e-14
2.2843540961430893e-14
1.770198539479765e-14
1.3171791848568146e-14
9.275570813027689e-15
6.034601672709453e-15
3.4688437533569344e-15
1.5969459898808248e-15
4.362554593933818e-16
2.825001111493202e-18
3.114201246538812e-16
1.3755253898177405e-15
3.2073504241288324e-15
5.8178357291524556e-15
9.216658412581987e-15
1.3412237970353903e-14
1.8411742231351335e-14
2.422109356654459e-14
3.084497545457703e-14
3.82868394867556e-14
4.654891288605918e-14
5.563220660707722e-14
6.553652407666048e-14
7.62604706284587e-14
8.780146367837948e-14
1.0015574368229e-13
1.1331838591195106e-13
1.2728331308019617e-13
1.4204330884170035e-13
1.5759003219131387e-13
1.7391403277782212e-13
1.9100476714712632e-13
2.0885061592518858e-13
2.274389019476442e-13
2.4675590933972357e-13
2.667869035470433e-13
2.875161523149057e-13
3.089269476109669e-13
3.310016284835088e-13
3.537216048450365e-13
3.7706738216855765e-13
4.010185870816232e-13
4.255539938410625e-13
4.5065155166930444e-13
4.762884129312116e-13
5.024409621285181e-13
5.290848456871914e-13
5.561950025113706e-13
5.837456952759467e-13
6.117105424283435e-13
6.400625508686452e-13
6.687741492758593e-13
6.978172220468552e-13
7.271631438133031e-13
7.567828145008573e-13
7.866466948937395e-13
8.167248426669531e-13
8.469869488474201e-13
8.77402374664524e-13
9.079401887497781e-13
9.38569204644633e-13
9.69258018574828e-13
9.999750474491294e-13
1.0306885670397993e-12
1.0613667503017205e-12
1.0919777057867502e-12
1.1224895161095649e-12
1.1528702764210445e-12
1.1830881328450658e-12
1.2131113208344877e-12
1.2429082034020474e-12
1.2724473091819388e-12
1.3016973702778996e-12
1.3306273598537992e-12
1.3592065294229132e-12
1.3874044457923405e-12
1.4151910276193366e-12
1.4425365815367218e-12
1.469411837804962e-12
1.4957879854490094e-12
1.5216367068385458e-12
1.5469302116708652e-12
1.5716412703163066e-12
1.595743246486836e-12
1.6192101291891575e-12
1.6420165639245255e-12
1.6641378830983048e-12
1.6855501356032186e-12
1.706230115541202e-12
1.7261553900497258e-12
1.7453043261995665e-12
1.7636561169320232e-12
1.7811908060047344e-12
1.7978893119164099e-12
1.8137334507819867e-12
1.828705958130966e-12
1.8427905096029368e-12
1.8559717405156356e-12
1.868235264282188e-12
1.879567689655564e-12
1.88995663677968e-12
1.8993907520279586e-12
1.9078597216116705e-12
1.915354283941765e-12
1.921866240729454e-12
1.927388466812264e-12
1.9319149186938384e-12
1.9354406417872646e-12
1.937961776353276e-12
1.939475562126233e-12
1.939980341622355e-12