2.3825336756397595e-10
2.387589845448193e-10
2.402761574277384e-10
2.4280585251674787e-10
2.4634968192894177e-10
2.509099060133009e-10
2.564894367434375e-10
2.630918420907226e-10
2.7072135138612164e-10
2.79382861680977e-10
2.8908194511892963e-10
2.9982485733316453e-10
3.1161854688521967e-10
3.244706657637035e-10
3.383895809634511e-10
3.533843871679026e-10
3.6946492055983194e-10
3.866417737879948e-10
4.049263121198075e-10
4.243306908128287e-10
4.4486787374060266e-10
4.665516533113473e-10
4.89396671721041e-10
5.134184435857073e-10
5.386333800010971e-10
5.650588140815864e-10
5.927130280339088e-10
6.21615281825384e-10
6.517858435105745e-10
6.832460212848491e-10
7.160181973381409e-10
7.501258635873196e-10
7.855936593710491e-10
8.22447411196798e-10
8.607141746358689e-10
9.004222784689082e-10
9.41601371191399e-10
9.84282469996158e-10
1.0284980123579246e-9
1.074281910353689e-9
1.1216696078616486e-9
1.1706981407915284e-9
1.2214062005095386e-9
1.2738342006326176e-9
1.3280243473787189e-9
1.384020713672959e-9
1.4418693172234558e-9
1.5016182027957562e-9
1.5633175289309343e-9
1.62701965936986e-9
1.6927792594649525e-9
1.7606533978808782e-9
1.8307016539075144e-9
1.9029862307319554e-9
1.97757207504175e-9
2.054527003358944e-9
2.133921835534099e-9
2.215830535861516e-9
2.3003303623115116e-9
2.387502024413113e-9
2.4774298503611948e-9
2.5702019639661256e-9
2.665910472111826e-9
2.764651663439992e-9
2.866526219034679e-9
2.971639435942685e-9
3.0801014644318853e-9
3.192027559962254e-9
3.307538350923425e-9
3.4267601232788914e-9
3.5498251233510134e-9
3.6768718800838385e-9
3.808045548232984e-9
3.9434982740547465e-9
4.083389585201016e-9
4.227886806673941e-9
4.37716550485581e-9
4.531409961806914e-9
4.690813682218882e-9
4.855579935625072e-9
5.025922336705177e-9
5.202065466780661e-9
5.384245539883762e-9
5.572711117098403e-9
5.7677238732201216e-9
5.969559420167613e-9
6.178508192005398e-9
6.394876396909842e-9
6.618987041935349e-9
6.851181037020038e-9
7.091818385317493e-9
7.3412794676619074e-9
7.59996642977667e-9
7.868304681732104e-9
8.146744520158234e-9
8.435762884837112e-9
8.735865262551586e-9
9.047587752471475e-9
9.371499308934395e-9
9.70820417925047e-9
1.0058344556154692e-8
1.042260346677937e-8
1.0801707922557474e-8
1.1196432357337798e-8
1.1607602384242842e-8
1.2036098905485815e-8
1.2482862613550477e-8
1.2948898926900833e-8
1.3435283408817949e-8
1.3943167724159783e-8
1.4473786195930378e-8
1.5028463031669456e-8
1.560862029900013e-8
1.621578674040086e-8
1.6851607529632587e-8
1.7517855086531273e-8
1.8216441083402607e-8
1.894942979542339e-8
1.9719052969734533e-8
2.0527726413871252e-8
2.1378068534493033e-8
2.2272921092870448e-8
2.3215372485245716e-8
2.420878390520704e-8
2.525681880306272e-8
2.636347612564533e-8
2.753312790119708e-8
2.8770561830655816e-8
3.0081029662072506e-8
3.14703022631198e-8
3.29447324727609e-8
3.4511327013448215e-8
3.6177828987616904e-8
3.7952812776667825e-8
3.9845793519648104e-8
4.186735378837197e-8
4.4029290616089225e-8
4.6344786704044965e-8
4.882861045792516e-8
5.149735053770733e-8
5.436969189645786e-8
5.74667419103519e-8
6.081241726153259e-8
6.443390485734288e-8
6.836221342769686e-8
7.263283677086891e-8
7.728655523419543e-8
8.23704093542586e-8
8.793888923986663e-8
9.405539609386673e-8
1.0079404940713717e-7
1.082419364808687e-7
1.1650193242297906e-7
1.256962620746365e-7
1.3597103552136362e-7
1.4750207346294932e-7
1.6050245910786754e-7
1.7523242677561603e-7
1.9201245098919592e-7
2.1124077610045434e-7
2.3341719391985646e-7
2.5917574784549214e-7
2.8933040513095336e-7
3.249399178778744e-7
3.6740165835932975e-7
4.185901991282801e-7
4.810667469935475e-7
5.584039797166082e-7
6.557049277830982e-7
7.804602038692546e-7
9.440203751170941e-7
1.1642424160301316e-6
1.470508982780851e-6
1.913881964597206e-6
2.589323629471548e-6
3.689323352651975e-6
5.650321813236683e-6
9.6195154602998e-6
0.000019205592928590737
0.00004452131187794581
9.772496923710949e-7
0.00004452131187794581