1.965958091393968e-11
1.9894439217810755e-11
2.059916011446817e-11
2.177418174488303e-11
2.3420234963886495e-11
2.5538344271451167e-11
2.8129829119415653e-11
3.11963055965943e-11
3.4739688496071977e-11
3.876219376935478e-11
4.326634137293349e-11
4.825495851372271e-11
5.373118330076537e-11
5.969846881154652e-11
6.616058758224124e-11
7.312163653223616e-11
8.058604233431425e-11
8.855856724298319e-11
9.704431539456103e-11
1.0604873959381628e-10
1.1557764860319508e-10
1.2563721495196055e-10
1.3623398328392585e-10
1.4737487926388815e-10
1.5906721906436608e-10
1.7131871945582545e-10
1.8413750852524173e-10
1.9753213704960778e-10
2.1151159055285718e-10
2.2608530207664506e-10
2.4126316569751756e-10
2.5705555082521954e-10
2.7347331731924866e-10
2.9052783146326366e-10
3.0823098283963076e-10
3.2659520214922545e-10
3.456334800246406e-10
3.653593868881808e-10
3.8578709390947517e-10
4.0693139512123156e-10
4.2880773075559295e-10
4.514322118677842e-10
4.748216463182492e-10
4.989935661893299e-10
5.239662567177295e-10
5.497587868295667e-10
5.763910413708287e-10
6.038837551324419e-10
6.322585487761063e-10
6.615379667744571e-10
6.917455174871469e-10
7.229057155030325e-10
7.550441263879744e-10
7.881874139877482e-10
8.223633904464124e-10
8.576010691121336e-10
8.939307205151065e-10
9.313839316158401e-10
9.69993668536862e-10
1.0097943430068702e-9
1.0508218827636774e-9
1.0931138061810924e-9
1.1367093014052308e-9
1.1816493103078778e-9
1.2279766175885667e-9
1.2757359453831348e-9
1.3249740537649583e-9
1.3757398475560163e-9
1.4280844898986357e-9
1.4820615230755503e-9
1.5377269971060105e-9
1.5951396066895043e-9
1.6543608371165376e-9
1.7154551198182812e-9
1.778489998284241e-9
1.843536305139952e-9
1.9106683512455238e-9
1.9799641277515348e-9
2.051505522131758e-9
2.1253785493035775e-9
2.2016735990473276e-9
2.2804857010465776e-9
2.3619148089932855e-9
2.446066105336486e-9
2.5330503284018557e-9
2.62298412377402e-9
2.7159904220154757e-9
2.8121988449978026e-9
2.911746143344478e-9
3.014776667733233e-9
3.1214428770819905e-9
3.2319058869498777e-9
3.3463360618273512e-9
3.4649136553715555e-9
3.5878295030698044e-9
3.715285772291327e-9
3.847496775221758e-9
3.984689850774009e-9
4.127106322241606e-9
4.27500253821677e-9
4.428651005146456e-9
4.58834162085913e-9
4.754383019478135e-9
4.927104039362167e-9
5.106855327100088e-9
5.294011092160029e-9
5.488971028579339e-9
5.692162422114541e-9
5.9040424635874794e-9
6.125100791808991e-9
6.3558622924867945e-9
6.596890182991234e-9
6.848789416832414e-9
7.1122104462799665e-9
7.387853386832988e-9
7.676472633340896e-9
7.978881984627778e-9
8.295960341652188e-9
8.628658053741432e-9
8.978003998517207e-9
9.345113494066165e-9
9.731197157054653e-9
1.0137570838264025e-8
1.0565666787941341e-8
1.1017046228044098e-8
1.149341353766363e-8
1.199663229256965e-8
1.2528743441068252e-8
1.3091985947612812e-8
1.3688820294591542e-8
1.4321955303596179e-8
1.4994378822947076e-8
1.5709392931683012e-8
1.6470654435860633e-8
1.7282221586204007e-8
1.814860813369904e-8
1.9074846070307835e-8
2.0066558686694982e-8
2.113004593202641e-8
2.2272384501063805e-8
2.3501545625098504e-8
2.4826534237413047e-8
2.625755406270157e-8
2.780620429867876e-8
2.948571499109872e-8
3.131123005042358e-8
3.3300149254874e-8
3.547254371581627e-8
3.7851663402912684e-8
4.046456079375536e-8
4.3342862025330847e-8
4.652372679131603e-8
5.005105166609412e-8
5.3976990017084255e-8
5.8363887354021926e-8
6.328676707149514e-8
6.883655291259132e-8
7.512428852209154e-8
8.2286722668854e-8
9.049378926784445e-8
9.995875345413349e-8
1.109521666255069e-7
1.2382135501994762e-7
1.3901809613954358e-7
1.571386585005387e-7
1.7898293386437794e-7
2.0564380246199608e-7
2.38645739662762e-7
2.801662195036549e-7
3.3340148594297933e-7
4.0319479268473425e-7
4.971655903437014e-7
6.278511076296074e-7
8.170384687426757e-7
1.105245211348201e-6
1.574597437617753e-6
2.411290620916256e-6
4.104674554721253e-6
8.193468365326094e-6
0.000018977663920315746
2.1484220751885905e-7
0.000018977663920315746