1.0043274354750952e-11
1.0043304430978274e-11
1.0043394659915643e-11
1.0043545042344593e-11
1.0043755579618903e-11
1.0044026273741476e-11
1.0044357127472077e-11
1.0044748144466092e-11
1.0045199329444479e-11
1.0045710688394991e-11
1.0046282228805131e-11
1.004691395992686e-11
1.0047605893073625e-11
1.0048358041949821e-11
1.004917042301334e-11
1.0050043055871487e-11
1.0050975963710777e-11
1.005196917376129e-11
1.0053022717796042e-11
1.005413663266609e-11
1.0055310960872155e-11
1.0056545751173378e-11
1.0057841059234258e-11
1.0059196948310549e-11
1.006061348997514e-11
1.0062090764885036e-11
1.006362886359055e-11
1.0065227887387923e-11
1.0066887949216822e-11
1.0068609174604034e-11
1.0070391702654984e-11
1.0072235687094708e-11
1.0074141297360134e-11
1.0076108719745441e-11
1.0078138158602788e-11
1.0080229837600434e-11
1.0082384001040713e-11
1.008460091524043e-11
1.0086880869976355e-11
1.0089224179998836e-11
1.0091631186616624e-11
1.0094102259356292e-11
1.0096637797699942e-11
1.0099238232904998e-11
1.0101904029910407e-11
1.0104635689333543e-11
1.0107433749562851e-11
1.0110298788951214e-11
1.0113231428115745e-11
1.0116232332349844e-11
1.0119302214154055e-11
1.012244183589252e-11
1.0125652012582489e-11
1.0128933614824815e-11
1.0132287571884038e-11
1.0135714874927278e-11
1.0139216580431797e-11
1.0142793813771994e-11
1.0146447772997283e-11
1.0150179732813331e-11
1.0153991048779922e-11
1.015788316173997e-11
1.01618576024952e-11
1.0165915996745303e-11
1.0170060070308717e-11
1.0174291654644682e-11
1.0178612692697736e-11
1.0183025245087624e-11
1.0187531496669471e-11
1.0192133763491154e-11
1.0196834500176979e-11
1.0201636307769369e-11
1.0206541942062803e-11
1.0211554322467455e-11
1.0216676541442867e-11
1.0221911874545806e-11
1.0227263791140287e-11
1.0232735965821942e-11
1.0238332290613596e-11
1.0244056887994314e-11
1.0249914124829513e-11
1.0255908627276239e-11
1.0262045296744655e-11
1.0268329327004237e-11
1.027476622253184e-11
1.0281361818207969e-11
1.0288122300478113e-11
1.0295054230107357e-11
1.0302164566669337e-11
1.0309460694924788e-11
1.0316950453260664e-11
1.032464216437849e-11
1.033254466844014e-11
1.0340667358901259e-11
1.0349020221286976e-11
1.0357613875192043e-11
1.0366459619818356e-11
1.0375569483397303e-11
1.0384956276883254e-11
1.0394633652348372e-11
1.0404616166558014e-11
1.0414919350261926e-11
1.0425559783799324e-11
1.0436555179687236e-11
1.0447924472942524e-11
1.0459687919979875e-11
1.0471867207032908e-11
1.0484485569164521e-11
1.0497567921069425e-11
1.0511141001027415e-11
1.0525233529544983e-11
1.0539876384428037e-11
1.055510279426542e-11
1.0570948552574813e-11
1.0587452255178535e-11
1.0604655563740932e-11
1.062260349882309e-11
1.0641344766303365e-11
1.0660932121586655e-11
1.0681422776697419e-11
1.0702878856138852e-11
1.0725367908325404e-11
1.0748963480486457e-11
1.0773745766226194e-11
1.0799802336451313e-11
1.0827228966191154e-11
1.085613057199721e-11
1.0886622277194344e-11
1.0918830625358488e-11
1.0952894966131554e-11
1.0988969041998259e-11
1.1027222810125225e-11
1.1067844540030134e-11
1.1111043235999888e-11
1.1157051443184995e-11
1.1206128508638532e-11
1.125856438385768e-11
1.131468407441777e-11
1.1374852866099473e-11
1.1439482486856076e-11
1.1509038401837738e-11
1.1584048486860323e-11
1.1665113387349531e-11
1.1752918949185354e-11
1.1848251210816094e-11
1.1952014580446038e-11
1.2065253998980172e-11
1.2189182123990944e-11
1.2325212883707179e-11
1.2475003173386038e-11
1.2640505043169677e-11
1.2824031520198038e-11
1.3028340311783707e-11
1.3256741190037714e-11
1.3513235071684797e-11
1.3802696002235237e-11
1.4131111933293694e-11
1.4505907141414429e-11
1.4936379661556128e-11
1.543430331487678e-11
1.6014769364034748e-11
1.6697383676010696e-11
1.750800239036892e-11
1.8481302285983233e-11
1.9664678524792402e-11
2.112431461884977e-11
2.295492369753054e-11
2.529592554705761e-11
2.8359385864975267e-11
3.248050945092992e-11
3.8213862334894e-11
4.652860187814158e-11
5.923553420338531e-11
8.001114105552496e-11
1.1715132244342762e-10
1.9215153502793652e-10
3.7225124566126136e-10
9.333133227020912e-10
3.6023546140190135e-9
3.0190062732517396e-8
2.860967640455403e-7
3.0190062732517396e-8