9.752540617860789e-12
9.752570301013515e-12
9.752659350722648e-12
9.752807767756302e-12
9.753015553445441e-12
9.753282709760105e-12
9.753609239416212e-12
9.75399514601319e-12
9.754440434202385e-12
9.754945109886642e-12
9.755509180451206e-12
9.756132655026178e-12
9.756815544780963e-12
9.757557863250947e-12
9.758359626696838e-12
9.759220854497189e-12
9.760141569574474e-12
9.761121798855363e-12
9.76216157376575e-12
9.763260930761195e-12
9.764419911893464e-12
9.765638565413976e-12
9.76691694641499e-12
9.76825511750943e-12
9.769653149550273e-12
9.771111122390699e-12
9.772629125686014e-12
9.77420725973859e-12
9.775845636387223e-12
9.777544379942295e-12
9.779303628168226e-12
9.781123533314924e-12
9.783004263199993e-12
9.784946002343578e-12
9.786948953157908e-12
9.789013337193706e-12
9.79113939644587e-12
9.793327394720852e-12
9.795577619068562e-12
9.797890381281646e-12
9.800266019465173e-12
9.802704899680287e-12
9.80520741766519e-12
9.807774000637445e-12
9.8104051091817e-12
9.8131012392273e-12
9.81586292412041e-12
9.818690736796062e-12
9.821585292055265e-12
9.824547248953396e-12
9.827577313305934e-12
9.830676240318673e-12
9.83384483734939e-12
9.837083966809139e-12
9.84039454921148e-12
9.843777566378845e-12
9.847234064815788e-12
9.85076515925981e-12
9.85437203642095e-12
9.858055958922664e-12
9.861818269457018e-12
9.86566039516856e-12
9.869583852282284e-12
9.873590250992245e-12
9.877681300628896e-12
9.881858815124431e-12
9.886124718797269e-12
9.890481052478218e-12
9.89492998000312e-12
9.899473795098413e-12
9.904114928688596e-12
9.908855956656883e-12
9.913699608092975e-12
9.918648774064938e-12
9.923706516955229e-12
9.928876080404475e-12
9.934160899910473e-12
9.939564614134157e-12
9.945091076968764e-12
9.950744370433728e-12
9.956528818460383e-12
9.962449001642683e-12
9.968509773033207e-12
9.974716275072036e-12
9.981073957744679e-12
9.987588598074294e-12
9.994266321063876e-12
1.0001113622215329e-11
1.0008137391765017e-11
1.0015344940789585e-11
1.0022744029351105e-11
1.00303428968685e-11
1.0038150294921207e-11
1.0046175522712977e-11
1.0054428465448004e-11
1.0062919635898516e-11
1.0071660219473753e-11
1.0080662123134235e-11
1.008993802853378e-11
1.0099501449815097e-11
1.0109366796533507e-11
1.0119549442238537e-11
1.0130065799305616e-11
1.0140933400680486e-11
1.0152170989279335e-11
1.0163798615878576e-11
1.0175837746431952e-11
1.0188311379870642e-11
1.0201244177577323e-11
1.0214662605879404e-11
1.0228595093083826e-11
1.0243072202779173e-11
1.025812682536523e-11
1.0273794390039665e-11
1.0290113099784195e-11
1.0307124192253394e-11
1.032487222988932e-11
1.0343405423073048e-11
1.036277599069335e-11
1.0383040563178465e-11
1.0404260633816643e-11
1.0426503065107706e-11
1.0449840657967691e-11
1.0474352792884441e-11
1.0500126153634024e-11
1.0527255545964191e-11
1.0555844825793719e-11
1.05860079540377e-11
1.0617870198243672e-11
1.0651569504924888e-11
1.0687258070950816e-11
1.0725104147781192e-11
1.0765294118938137e-11
1.0808034899189635e-11
1.0853556713838145e-11
1.0902116328741274e-11
1.0954000816848583e-11
1.1009531965906958e-11
1.1069071455594364e-11
1.1133026962035099e-11
1.1201859385202789e-11
1.1276091442487784e-11
1.1356317932844202e-11
1.1443218054681165e-11
1.1537570262782418e-11
1.16402702829094e-11
1.175235307824148e-11
1.1875019794584135e-11
1.2009671022634443e-11
1.2157948135801328e-11
1.2321785034598618e-11
1.2503473416603183e-11
1.2705745787244142e-11
1.2931881969590916e-11
1.3185847069804182e-11
1.347247202944623e-11
1.379769254570966e-11
1.4168869057333985e-11
1.4595220955838595e-11
1.5088424295128593e-11
1.5663447585142712e-11
1.633974088559307e-11
1.7142960194433473e-11
1.8107521777374807e-11
1.928047667924594e-11
2.0727546325925606e-11
2.2542811757399964e-11
2.4864809775556622e-11
2.790434262056151e-11
3.199475633598077e-11
3.7687792263555524e-11
4.594814709292921e-11
5.857924960145518e-11
7.924466896280092e-11
1.1621603757014628e-10
1.9093880815465046e-10
3.705358558220283e-10
9.305463581705728e-10
3.5968196166207566e-9
3.017382204850633e-8
2.8604651673657976e-7
3.017382204850633e-8