0.
5.957068445946149e-18
2.5261135498211125e-17
6.241995220873459e-17
1.2564365962948422e-16
2.278906338593458e-16
3.883316942652857e-16
6.342327069448625e-16
1.0032556345578382e-15
1.5461781101832902e-15
2.330031648563973e-15
3.4416586547206784e-15
4.9916884492309134e-15
7.118932603285666e-15
9.995199966831581e-15
1.3830531881595536e-14
1.887885819955963e-14
2.5444074878562785e-14
3.388654410228658e-14
4.463001807416026e-14
5.816898786601557e-14
7.507645896506458e-14
9.601215545951123e-14
1.2173115513652507e-13
1.5309295813921503e-13
1.9107099224464385e-13
2.367625582859578e-13
2.9139921975173193e-13
3.5635764115819314e-13
4.331708804088845e-13
5.235401410355826e-13
6.29346990958214e-13
7.526660552147161e-13
8.957781909992301e-13
1.0611841543139409e-12
1.2516187685920418e-12
1.4700656067927776e-12
1.7197721997109257e-12
2.004265784589513e-12
2.3273696095837253e-12
2.693219811204136e-12
3.106282883577558e-12
3.5713737602136753e-12
4.093674530965854e-12
4.678753819036385e-12
5.332586845212515e-12
6.06157620904332e-12
6.872573419393903e-12
7.77290120975781e-12
8.77037667688948e-12
9.87333528475411e-12
1.1090655779504105e-11
1.2431786065201746e-11
1.390677009434137e-11
1.5526275831910194e-11
1.7301624356792016e-11
1.924482016979846e-11
2.1368582783541363e-11
2.368637967577928e-11
2.6212460694822335e-11
2.8961894013112458e-11
3.1950603733261313e-11
3.51954092596872e-11
3.871406655860278e-11
4.252531143954835e-11
4.6648905003005893e-11
5.1105681410967226e-11
5.591759815074983e-11
6.11077889769672e-11
6.670061973248852e-11
7.272174726658263e-11
7.919818168739545e-11
8.61583522066027e-11
9.36321768567052e-11
1.0165113638617585e-10
1.1024835266476482e-10
1.1945867196095615e-10
1.293187534861313e-10
1.398671636357403e-10
1.511444763970537e-10
1.631933804362663e-10
1.7605879342526697e-10
1.8978798422078686e-10
2.044307035664331e-10
2.200393240519139e-10
2.366689901342966e-10
2.5437777910416447e-10
2.7322687396596275e-10
2.9328074929766423e-10
3.1460737126124977e-10
3.3727841305373007e-10
3.6136948721995465e-10
3.869603963949725e-10
4.1413540420710983e-10
4.429835282553813e-10
4.735988572788571e-10
5.060808948639573e-10
5.405349322916511e-10
5.770724534138477e-10
6.158115747712247e-10
6.568775245282502e-10
7.004031642108639e-10
7.4652955769481e-10
7.954065924154843e-10
8.471936583621936e-10
9.020603910911271e-10
9.601874857539415e-10
1.0217675900065516e-9
1.0870062846516038e-9
1.1561231619970704e-9
1.2293530132046615e-9
1.3069471373812607e-9
1.3891747868650669e-9
1.4763247651116931e-9
1.5687071958370241e-9
1.6666554846737734e-9
1.7705284976079378e-9
1.880712983951474e-9
1.9976262756644646e-9
2.12171929956689e-9
2.253479944500274e-9
2.3934368319622293e-9
2.5421635463221525e-9
2.7002833896523613e-9
2.868474736741119e-9
3.0474770783161164e-9
3.238097855294999e-9
3.441220204480377e-9
3.6578117571299866e-9
3.888934657000344e-9
4.135756994706235e-9
4.3995658917073765e-9
4.681782511367131e-9
4.983979328135224e-9
5.307900051272711e-9
5.655482679563929e-9
6.028886261844994e-9
6.430522059662662e-9
6.86308995906851e-9
7.329621166363537e-9
7.833528457847415e-9
8.378665549806291e-9
8.969397529917548e-9
9.610684768621275e-9
1.030818334044072e-8
1.1068365773322806e-8
1.1898666966609244e-8
1.2807661454282582e-8
1.3805279948684603e-8
1.490307543269203e-8
1.6114552188486372e-8
1.7455575360953235e-8
1.8944884386985294e-8
2.060474150728019e-8
2.2461757537314974e-8
2.454795248049169e-8
2.6902130485467428e-8
2.957168024097212e-8
3.261495807235829e-8
3.610447950685204e-8
4.0131248381061564e-8
4.4810711142457264e-8
5.0291072168205265e-8
5.676510261608527e-8
6.448722435050172e-8
7.379874004187603e-8
8.516596268052123e-8
9.923935463798095e-8
1.1694799286775797e-7
1.3965562945682302e-7
1.694287344876791e-7
2.0951826461360797e-7
2.652733526525946e-7
3.459895232329414e-7
4.6895321623731374e-7
6.692013283783396e-7
1.0261633971267476e-6
1.748561369149205e-6
3.492436262676834e-6
8.085826333920123e-6
0.
8.085826333920123e-6