9.751437343771113e-12
9.75146702692384e-12
9.751556076632969e-12
9.751704493666624e-12
9.751912279355768e-12
9.752179435670425e-12
9.752505965326538e-12
9.752891871923515e-12
9.75333716011271e-12
9.753841835796971e-12
9.754405906361529e-12
9.7550293809365e-12
9.75571227069129e-12
9.756454589161272e-12
9.757256352607163e-12
9.758117580407516e-12
9.759038295484795e-12
9.760018524765682e-12
9.761058299676075e-12
9.76215765667152e-12
9.763316637803788e-12
9.764535291324302e-12
9.765813672325316e-12
9.767151843419753e-12
9.768549875460597e-12
9.770007848301025e-12
9.771525851596338e-12
9.773103985648911e-12
9.774742362297545e-12
9.776441105852621e-12
9.778200354078549e-12
9.780020259225244e-12
9.781900989110315e-12
9.783842728253906e-12
9.785845679068234e-12
9.787910063104035e-12
9.790036122356195e-12
9.792224120631174e-12
9.79447434497889e-12
9.79678710719197e-12
9.799162745375496e-12
9.80160162559061e-12
9.804104143575513e-12
9.806670726547769e-12
9.809301835092026e-12
9.811997965137623e-12
9.814759650030736e-12
9.817587462706384e-12
9.820482017965592e-12
9.823443974863715e-12
9.826474039216258e-12
9.829572966228997e-12
9.832741563259714e-12
9.835980692719463e-12
9.839291275121804e-12
9.842674292289164e-12
9.846130790726112e-12
9.84966188517013e-12
9.853268762331273e-12
9.856952684832987e-12
9.860714995367344e-12
9.864557121078884e-12
9.868480578192605e-12
9.87248697690257e-12
9.876578026539217e-12
9.880755541034755e-12
9.88502144470759e-12
9.889377778388538e-12
9.893826705913443e-12
9.898370521008735e-12
9.90301165459892e-12
9.907752682567204e-12
9.912596334003297e-12
9.917545499975259e-12
9.922603242865553e-12
9.927772806314796e-12
9.933057625820797e-12
9.938461340044481e-12
9.943987802879083e-12
9.949641096344054e-12
9.955425544370704e-12
9.961345727553007e-12
9.967406498943527e-12
9.973613000982357e-12
9.979970683654997e-12
9.986485323984614e-12
9.9931630469742e-12
1.0000010348125648e-11
1.0007034117675342e-11
1.0014241666699906e-11
1.0021640755261426e-11
1.0029239622778821e-11
1.0037047020831524e-11
1.0045072248623297e-11
1.0053325191358325e-11
1.0061816361808837e-11
1.0070556945384073e-11
1.0079558849044558e-11
1.00888347544441e-11
1.009839817572542e-11
1.0108263522443822e-11
1.0118446168148854e-11
1.0128962525215936e-11
1.0139830126590805e-11
1.0151067715189646e-11
1.0162695341788895e-11
1.017473447234227e-11
1.0187208105780957e-11
1.0200140903487634e-11
1.021355933178972e-11
1.0227491818994139e-11
1.0241968928689486e-11
1.025702355127554e-11
1.0272691115949976e-11
1.0289009825694507e-11
1.0306020918163705e-11
1.0323768955799632e-11
1.0342302148983357e-11
1.0361672716603652e-11
1.038193728908877e-11
1.0403157359726947e-11
1.042539979101801e-11
1.0448737383877986e-11
1.0473249518794744e-11
1.0499022879544317e-11
1.0526152271874491e-11
1.0554741551704005e-11
1.0584904679947988e-11
1.0616766924153954e-11
1.0650466230835155e-11
1.0686154796861085e-11
1.0724000873691468e-11
1.0764190844848391e-11
1.0806931625099904e-11
1.0852453439748395e-11
1.0901013054651528e-11
1.0952897542758816e-11
1.100842869181719e-11
1.1067968181504589e-11
1.11319236879453e-11
1.1200756111112995e-11
1.1274988168397976e-11
1.1355214658754411e-11
1.1442114780591314e-11
1.1536466988692563e-11
1.1639167008819526e-11
1.1751249804151536e-11
1.1873916520494182e-11
1.2008567748544448e-11
1.2156844861711214e-11
1.2320681760508587e-11
1.2502370142513116e-11
1.2704642513153907e-11
1.293077869550064e-11
1.3184743795713705e-11
1.3471368755355715e-11
1.3796589271619164e-11
1.4167765783242997e-11
1.459411768174746e-11
1.5087321021037172e-11
1.5662344311050917e-11
1.6338637611500205e-11
1.714185692034081e-11
1.810641850328077e-11
1.9279373405150547e-11
2.072644305182906e-11
2.2541708483300233e-11
2.4863706501453217e-11
2.790323934644349e-11
3.1993653061867545e-11
3.768668898942158e-11
4.5947043818758136e-11
5.857814632723595e-11
7.924356568857011e-11
1.1621493429569653e-10
1.909377048798333e-10
3.7053475254650956e-10
9.30545254891763e-10
3.5968185133256215e-9
3.0173820944975544e-8
2.860465156314226e-7
3.0173820944975544e-8