3.61797303349294e-11
3.61768311615819e-11
3.616813526124225e-11
3.615364749165943e-11
3.613337594455153e-11
3.610733193881546e-11
3.607553001103142e-11
3.603798790327253e-11
3.599472654823298e-11
3.594577005169191e-11
3.589114567233183e-11
3.583088379893494e-11
3.576501792498194e-11
3.569358462068262e-11
3.561662350246841e-11
3.553417719998218e-11
3.544629132060079e-11
3.535301441153141e-11
3.52543979195228e-11
3.515049614823723e-11
3.504136621333056e-11
3.4927067995290366e-11
3.480766409008523e-11
3.468321975768037e-11
3.455380286847679e-11
3.4419483847734113e-11
3.4280335618039746e-11
3.41364335398879e-11
3.3987855350435687e-11
3.383468110050468e-11
3.3676993089898916e-11
3.351487580111108e-11
3.33484158314925e-11
3.3177701823962e-11
3.300282439633244e-11
3.282387606933388e-11
3.264095119341496e-11
3.245414587440467e-11
3.226355789811864e-11
3.2069286653995546e-11
3.187143305784968e-11
3.1670099473827684e-11
3.146538963565818e-11
3.125740856728396e-11
3.1046262502967765e-11
3.083205880696288e-11
3.061490589284093e-11
3.0394913142570295e-11
3.017219082543834e-11
2.9946850016912265e-11
2.971900251753267e-11
2.948876077193594e-11
2.92562377881003e-11
2.9021547056911895e-11
2.8784802472147232e-11
2.8546118250968177e-11
2.8305608855026644e-11
2.806338891227537e-11
2.781957313958248e-11
2.7574276266246716e-11
2.7327612958510578e-11
2.7079697745169343e-11
2.6830644944373332e-11
2.6580568591721356e-11
2.6329582369743626e-11
2.6077799538872424e-11
2.5825332869999148e-11
2.5572294578717352e-11
2.5318796261351178e-11
2.5064948832869694e-11
2.4810862466788562e-11
2.455664653716124e-11
2.4302409562763044e-11
2.4048259153573325e-11
2.3794301959662296e-11
2.3540643622590994e-11
2.3287388729435913e-11
2.3034640769551902e-11
2.2782502094190395e-11
2.2531073879094404e-11
2.2280456090194748e-11
2.2030747452538766e-11
2.1782045422586664e-11
2.1534446164018878e-11
2.1288044527204368e-11
2.10429340324885e-11
2.0799206857469785e-11
2.055695382844482e-11
2.0316264416213983e-11
2.007722673645566e-11
1.983992755489121e-11
1.9604452297483985e-11
1.9370885065934612e-11
1.9139308658760044e-11
1.8909804598270475e-11
1.8682453163789023e-11
1.84573334314942e-11
1.8234523321304277e-11
1.8014099651268392e-11
1.7796138199979362e-11
1.7580713777582017e-11
1.7367900306016253e-11
1.71577709092095e-11
1.6950398014019022e-11
1.674585346282177e-11
1.654420863876152e-11
1.6345534604790847e-11
1.6149902257791425e-11
1.5957382499224115e-11
1.5768046423953513e-11
1.558196552911284e-11
1.539921194513178e-11
1.5219858691344624e-11
1.50439799589388e-11
1.4871651424399902e-11
1.470295059707061e-11
1.4537957204976749e-11
1.4376753623701529e-11
1.4219425353819621e-11
1.4066061553264138e-11
1.391675563200852e-11
1.3771605917636826e-11
1.3630716401784397e-11
1.3494197579098904e-11
1.3362167392357926e-11
1.3234752299744879e-11
1.3112088483118498e-11
1.2994323219510428e-11
1.2881616442181905e-11
1.2774142522522025e-11
1.2672092310079878e-11
1.257567547534288e-11
1.2485123208829309e-11
1.240069134106188e-11
1.2322663961562094e-11
1.2251357631826417e-11
1.2187126308197344e-11
1.2130367116769188e-11
1.2081527155469668e-11
1.2041111540216717e-11
1.2009692965192672e-11
1.1987923115320482e-11
1.1976546356704517e-11
1.1976416244536845e-11
1.1988515536559106e-11
1.2013980595740753e-11
1.205413132526916e-11
1.2110508125974706e-11
1.2184917834605515e-11
1.2279491239218157e-11
1.239675564540491e-11
1.2539727186919372e-11
1.2712029289241089e-11
1.2918046134787705e-11
1.3163123495296735e-11
1.3453834435558788e-11
1.3798335012867751e-11
1.420684657786218e-11
1.4692318881115063e-11
1.5271355672038607e-11
1.5965528269585814e-11
1.6803273923330687e-11
1.7822694831800653e-11
1.907577768117606e-11
2.0634913494911973e-11
2.2603253557364603e-11
2.5131676706747803e-11
2.84475825352075e-11
3.290575056289923e-11
3.908241573926549e-11
4.795886807778113e-11
6.130311441822386e-11
8.252539886923999e-11
1.1878012104539075e-10
1.8675454950885635e-10
3.311241725895693e-10
6.960826467795613e-10
1.890474303754885e-9
7.821789331355654e-9
6.87895962790963e-8
6.633106002182623e-7
6.87895962790963e-8