1.004217108066128e-11
1.0042201156888604e-11
1.004229138582597e-11
1.004244176825492e-11
1.0042652305529233e-11
1.0042922999651805e-11
1.0043253853382406e-11
1.0043644870376424e-11
1.0044096055354806e-11
1.0044607414305322e-11
1.0045178954715455e-11
1.004581068583719e-11
1.0046502618983953e-11
1.004725476786015e-11
1.0048067148923672e-11
1.0048939781781818e-11
1.0049872689621104e-11
1.0050865899671618e-11
1.0051919443706367e-11
1.0053033358576419e-11
1.005420768678248e-11
1.0055442477083707e-11
1.0056737785144585e-11
1.0058093674220873e-11
1.005951021588547e-11
1.0060987490795365e-11
1.0062525589500875e-11
1.006412461329825e-11
1.0065784675127148e-11
1.0067505900514358e-11
1.0069288428565308e-11
1.0071132413005038e-11
1.007303802327046e-11
1.0075005445655768e-11
1.0077034884513114e-11
1.0079126563510762e-11
1.0081280726951042e-11
1.0083497641150757e-11
1.008577759588668e-11
1.0088120905909164e-11
1.009052791252695e-11
1.0092998985266621e-11
1.009553452361027e-11
1.009813495881533e-11
1.0100800755820729e-11
1.0103532415243869e-11
1.0106330475473176e-11
1.0109195514861541e-11
1.011212815402607e-11
1.0115129058260171e-11
1.011819894006438e-11
1.012133856180285e-11
1.0124548738492816e-11
1.0127830340735139e-11
1.0131184297794363e-11
1.0134611600837604e-11
1.0138113306342124e-11
1.0141690539682321e-11
1.0145344498907612e-11
1.0149076458723657e-11
1.0152887774690247e-11
1.0156779887650293e-11
1.0160754328405524e-11
1.0164812722655627e-11
1.0168956796219042e-11
1.0173188380555009e-11
1.0177509418608064e-11
1.0181921970997951e-11
1.0186428222579794e-11
1.0191030489401477e-11
1.0195731226087304e-11
1.020053303367969e-11
1.0205438667973127e-11
1.021045104837778e-11
1.0215573267353191e-11
1.0220808600456131e-11
1.0226160517050616e-11
1.0231632691732264e-11
1.0237229016523916e-11
1.0242953613904642e-11
1.0248810850739837e-11
1.0254805353186566e-11
1.0260942022654979e-11
1.0267226052914563e-11
1.0273662948442162e-11
1.0280258544118291e-11
1.0287019026388439e-11
1.0293950956017681e-11
1.0301061292579663e-11
1.0308357420835114e-11
1.0315847179170988e-11
1.0323538890288813e-11
1.0331441394350465e-11
1.0339564084811585e-11
1.0347916947197298e-11
1.0356510601102364e-11
1.0365356345728679e-11
1.0374466209307622e-11
1.0383853002793575e-11
1.0393530378258695e-11
1.0403512892468334e-11
1.0413816076172242e-11
1.0424456509709647e-11
1.0435451905597555e-11
1.044682119885284e-11
1.0458584645890196e-11
1.0470763932943223e-11
1.0483382295074839e-11
1.0496464646979735e-11
1.051003772693773e-11
1.0524130255455299e-11
1.0538773110338355e-11
1.055399952017573e-11
1.0569845278485126e-11
1.0586348981088853e-11
1.0603552289651242e-11
1.0621500224733398e-11
1.0640241492213675e-11
1.0659828847496948e-11
1.0680319502607717e-11
1.0701775582049143e-11
1.07242646342357e-11
1.0747860206396747e-11
1.0772642492136484e-11
1.0798699062361597e-11
1.0826125692101439e-11
1.0855027297907486e-11
1.088551900310461e-11
1.091772735126874e-11
1.0951791692041812e-11
1.0987865767908523e-11
1.1026119536035476e-11
1.1066741265940355e-11
1.1109939961910118e-11
1.1155948169095227e-11
1.1205025234548751e-11
1.1257461109767867e-11
1.1313580800327958e-11
1.1373749592009653e-11
1.1438379212766228e-11
1.1507935127747883e-11
1.158294521277046e-11
1.1664010113259652e-11
1.175181567509545e-11
1.1847147936726113e-11
1.1950911306356015e-11
1.2064150724890136e-11
1.2188078849900807e-11
1.2324109609617008e-11
1.2473899899295789e-11
1.2639401769079478e-11
1.282292824610775e-11
1.3027237037693238e-11
1.3255637915947031e-11
1.3512131797593946e-11
1.3801592728144265e-11
1.4130008659202487e-11
1.4504803867322832e-11
1.4935276387464307e-11
1.5433200040784997e-11
1.60136660899432e-11
1.6696280401918987e-11
1.7506899116276336e-11
1.8480199011888924e-11
1.966357525069718e-11
2.1123211344755366e-11
2.2953820423433918e-11
2.5294822272959045e-11
2.8358282590868472e-11
3.247940617682007e-11
3.8212759060774316e-11
4.652749860400123e-11
5.923443092918667e-11
8.0010037781294e-11
1.1715021916911763e-10
1.9215043175342022e-10
3.7225014238595195e-10
9.33312219424806e-10
3.602353510725808e-9
3.019006162910236e-8
2.860967629408141e-7
3.019006162910236e-8