0.
1.0119464334367589e-13
4.046566815898346e-13
9.100205874762645e-13
1.6166776423603152e-12
2.523776675779675e-12
3.6302250995767073e-12
4.934690235327448e-12
6.435600933459244e-12
8.131149482086058e-12
1.0019293803237616e-11
1.2097759933808849e-11
1.436404478820938e-11
1.681541919935007e-11
1.9448931234264385e-11
2.226140978032875e-11
2.524946839771588e-11
2.8409509433391565e-11
3.173772839164688e-11
3.523011855584511e-11
3.888247585575798e-11
4.269040397456548e-11
4.6649319689302635e-11
5.0754458438253175e-11
5.5000880108511797e-11
5.938347503667078e-11
6.389697021532689e-11
6.853593569785266e-11
7.329479119363702e-11
7.816781284576683e-11
8.314914018289983e-11
8.823278323686705e-11
9.341262981734139e-11
9.868245293471793e-11
1.0403591836217163e-10
1.094665923276881e-10
1.1496794932670567e-10
1.2053338004586035e-10
1.261561993881895e-10
1.3182965459002841e-10
1.375469334197205e-10
1.4330117244816412e-10
1.4908546538113097e-10
1.5489287144321604e-10
1.6071642380321848e-10
1.6654913803069948e-10
1.7238402057342696e-10
1.7821407724539413e-10
1.8403232171508288e-10
1.8983178398364517e-10
1.956055188426866e-10
2.013466143013658e-10
2.0704819997255616e-10
2.1270345540786672e-10
2.1830561837138906e-10
2.2384799304210321e-10
2.2932395813496795e-10
2.3472697493081843e-10
2.4005059520531044e-10
2.4528846904726614e-10
2.5043435255691854e-10
2.554821154146958e-10
2.604257483113475e-10
2.652593702303783e-10
2.699772355739456e-10
2.7457374112355945e-10
2.790434328271294e-10
2.8338101240412074e-10
2.875813437607917e-10
2.9163945920773097e-10
2.955505654721498e-10
2.9931004949762865e-10
3.02913484024293e-10
3.0635663294264943e-10
3.0963545641459723e-10
3.127461157554106e-10
3.1568497807078997e-10
3.18448620643371e-10
3.2103383506338923e-10
3.234376310985252e-10
3.256572402982503e-10
3.2769011932835457e-10
3.2953395303162994e-10
3.3118665721106175e-10
3.326463811321867e-10
3.3391150974164517e-10
3.349806655993034e-10
3.3585271052166555e-10
3.365267469346615e-10
3.3700211893426366e-10
3.3727841305373007e-10
3.3735545873666246e-10
3.3723332851540925e-10
3.3691233789473803e-10
3.363930449410543e-10
3.356762495778224e-10
3.3476299258822133e-10
3.336545543264286e-10
3.323524531393151e-10
3.3085844350069195e-10
3.291745138606318e-10
3.2730288421276205e-10
3.252460033827888e-10
3.2300654604189733e-10
3.205874094490401e-10
3.179917099264876e-10
3.152227790734101e-10
3.1228415972260824e-10
3.09179601645903e-10
3.0591305701406303e-10
3.0248867561752486e-10
2.98910799854552e-10
2.95183959493855e-10
2.913128662191035e-10
2.873024079631532e-10
2.83157643040231e-10
2.7888379408474577e-10
2.7448624180586003e-10
2.6997051856739177e-10
2.6534230180315395e-10
2.60607407278353e-10
2.557717822082401e-10
2.5084149824586616e-10
2.4582274435145133e-10
2.4072181955669505e-10
2.3554512563819267e-10
2.3029915971514945e-10
2.2499050678770064e-10
2.1962583223349468e-10
2.1421187428172268e-10
2.087554364856226e-10
2.032633802166299e-10
1.9774261720595343e-10
1.9220010216244624e-10
1.8664282549941958e-10
1.8107780620762417e-10
1.755120849172254e-10
1.6995271719851691e-10
1.644067671596471e-10
1.5888130141027687e-10
1.533833834733915e-10
1.4792006874423144e-10
1.4249840011650206e-10
1.3712540442300293e-10
1.318080898723673e-10
1.2655344470815839e-10
1.2136843737437154e-10
1.1626001854693989e-10
1.1123512549030375e-10
1.0630068933005186e-10
1.0146364600917965e-10
9.673095193371814e-11
9.210960563793588e-11
8.760667724560869e-11
8.322934812420795e-11
7.898496400093578e-11
7.488110605033743e-11
7.092568625160144e-11
6.712707592747139e-11
6.349428025478837e-11
6.003717738515189e-11
5.676684979171136e-11
5.369604950767979e-11
5.0839861379491136e-11
4.8216665199432215e-11
4.584955926163605e-11
4.376851442920544e-11
4.2013717819693554e-11
4.06409165221977e-11
3.973024827987412e-11
3.940141104604278e-11
3.984092964258732e-11
4.135386710557126e-11
4.446841877198998e-11
5.0164767196895136e-11
6.042718294658241e-11
7.975054594346462e-11
1.1993697571065081e-10
2.1801914972398622e-10
4.759918047204247e-10
0.
4.759918047204247e-10