1.379465113079042e-8
3.1449940284425446e-8
3.693795498692085e-8
3.894361283418804e-8
3.9345158864390317e-8
3.8910296845205914e-8
3.8019919047294564e-8
3.6882708993318356e-8
3.5619854385165506e-8
3.430422075375484e-8
3.298042315534604e-8
3.1675880504602197e-8
3.040723744820398e-8
2.9184249926559807e-8
2.8012211506763577e-8
2.6893506363786682e-8
2.5828622592657728e-8
2.4816823214005335e-8
2.3856595333433428e-8
2.2945952945474372e-8
2.208264177349929e-8
2.1264277745115395e-8
2.0488440091725912e-8
1.9752733201187314e-8
1.9054826850299306e-8
1.8392481442201052e-8
1.7763562846271344e-8
1.7166050052808043e-8
1.6598037898626302e-8
1.6057736453992367e-8
1.5543468194274278e-8
1.5053663749939856e-8
1.4586856794469862e-8
1.4141678462917669e-8
1.3716851574559993e-8
1.331118484763912e-8
1.2923567232961025e-8
1.255296244927199e-8
1.2198403772038206e-8
1.1858989105022876e-8
1.1533876348393791e-8
1.1222279066195052e-8
1.0923462448566301e-8
1.0636739559139171e-8
1.0361467854709987e-8
1.0097045963390812e-8
9.84291070453782e-9
9.598534334701217e-9
9.363422005542957e-9
9.137109416541895e-9
8.91916064882419e-9
8.70916616610528e-9
8.506740969728791e-9
8.311522895640328e-9
8.123171041982559e-9
7.941364316830085e-9
7.765800096378298e-9
7.596192984659396e-9
7.432273666571194e-9
7.273787846671859e-9
7.12049526681343e-9
6.97216879626146e-9
6.828593588478635e-9
6.689566299237539e-9
6.554894361176805e-9
6.424395310325432e-9
6.297896160496912e-9
6.175232821798998e-9
6.056249559820613e-9
5.94079849234409e-9
5.828739120694693e-9
5.719937893079538e-9
5.614267797485916e-9
5.511607981910788e-9
5.411843399874732e-9
5.314864479340902e-9
5.220566813311752e-9
5.128850870516236e-9
5.039621724726073e-9
4.952788801357296e-9
4.868265640119088e-9
4.785969672568983e-9
4.705822013523905e-9
4.627747265355752e-9
4.551673334277959e-9
4.477531257795052e-9
4.405255042552822e-9
4.3347815118817376e-9
4.266050162381521e-9
4.199003028942152e-9
4.133584557640958e-9
4.069741485997888e-9
4.007422730108019e-9
3.946579278204362e-9
3.887164090238451e-9
3.8291320030930945e-9
3.772439641070565e-9
3.71704533132423e-9
3.6629090239248466e-9
3.6099922162737195e-9
3.5582578815955815e-9
3.5076704012151166e-9
3.4581955006590054e-9
3.409800188694281e-9
3.3624526999806267e-9
3.316122440429708e-9
3.270779935766636e-9
3.2263967820618516e-9
3.1829455994243843e-9
3.140399987719796e-9
3.098734461406374e-9
3.057924525441486e-9
3.0179464057105204e-9
2.9787772445849195e-9
2.9403949507878436e-9
2.9027781899010876e-9
2.8659063532781674e-9
2.829759528441042e-9
2.7943184708808075e-9
2.7595645771855958e-9
2.7254798594258864e-9
2.6920469207292457e-9
2.6592489319825272e-9
2.627069609602119e-9
2.5954931943162942e-9
2.5645044309076637e-9
2.5340885488661408e-9
2.504231243905754e-9
2.474918660301922e-9
2.446137374006872e-9
2.4178743765051327e-9
2.3901170593718136e-9
2.362853199498398e-9
2.336070944954143e-9
2.309758801451184e-9
2.2839056193843553e-9
2.2585005814176897e-9
2.233533190591992e-9
2.208993258927437e-9
2.1848708964990143e-9
2.161156500961561e-9
2.137840747503498e-9
2.11491457920971e-9
2.092369197814198e-9
2.0701960548243226e-9
2.048386843000398e-9
2.026933488173614e-9
2.0058281413874283e-9
1.9850631713478706e-9
1.9646311571685867e-9
1.9445248813979754e-9
1.924737323315351e-9
1.9052616524849178e-9
1.8860912225557644e-9
1.867219565297569e-9
1.848640384861261e-9
1.8303475522556525e-9
1.8123351000300745e-9
1.7945972171550298e-9
1.7771282440915286e-9
1.75992266804208e-9
1.7429751183751396e-9
1.7262803622158211e-9
1.7098333001963763e-9
1.6936289623593544e-9
1.6776625042075805e-9
1.661929202894546e-9
1.6464244535499576e-9
1.631143765734595e-9
1.6160827600196455e-9
1.6012371646849937e-9
1.5866028125327271e-9
1.5721756378096587e-9
1.557951673236561e-9
1.543927047138398e-9
1.5300979806719558e-9
1.5164607851479878e-9
1.503011859442787e-9
1.4897476874968237e-9
1.4766648358969865e-9
1.4637599515383782e-9
1.4510297593639993e-9
1.4384710601784041e-9
1.4260807285326567e-9
1.4138557106784935e-9
1.4017930225884764e-9
1.3898897480400733e-9
1.3781430367612137e-9
1.3665501026348257e-9
1.355108221960872e-9
1.3438147317728355e-9
1.3326670282077967e-9
1.3216625649270527e-9
1.3107988515862645e-9
1.3000734523531211e-9
1.2894839844709628e-9
1.2790281168660248e-9
1.2687035687980608e-9
1.2585081085518858e-9
1.2484395521682523e-9
1.23849576221361e-9
1.2286746465866637e-9
1.2189741573606361e-9
1.209392289660115e-9
1.19992708057135e-9
1.1905766080845878e-9
1.1813389900676012e-9
1.1722123832694608e-9
1.163194982353125e-9
1.1542850189562607e-9
1.14548076077948e-9
1.136780510700273e-9
1.128182605913033e-9
1.1196854170929798e-9
1.1112873475845211e-9
1.1029868326121825e-9
1.0947823385139439e-9
1.0866723619960454e-9
1.078655429408616e-9
1.0707300960419235e-9
1.0628949454411764e-9
1.0551485887415563e-9
1.047489664020361e-9
1.0399168356677096e-9
1.0324287937739794e-9
1.0250242535342044e-9
1.0177019546684735e-9
1.0104606608577444e-9
1.0032991591952712e-9
9.96216259652485e-10
9.8921079455891e-10
9.822816180962108e-10
9.754276058055213e-10
9.686476541077752e-10
9.619406798364025e-10
9.553056197825959e-10
9.487414302522698e-10
9.422470866336936e-10
9.35821582979758e-10
9.294639315946143e-10
9.231731626369836e-10
9.169483237308563e-10
9.107884795863183e-10
9.046927116303157e-10
8.986601176465368e-10
8.926898114244711e-10
8.867809224172586e-10
8.809325954081769e-10
8.751439901850498e-10
8.69414281223361e-10
8.637426573764168e-10
8.581283215741964e-10
8.525704905282553e-10
8.470683944451174e-10
8.41621276745786e-10
8.362283937924115e-10
8.308890146216464e-10
8.256024206841304e-10
8.203679055904967e-10
8.151847748633933e-10
8.10052345695324e-10
8.04969946712232e-10
7.999369177430093e-10
7.94952609593917e-10
7.900163838286856e-10
7.851276125536742e-10
7.80285678208168e-10
7.754899733590753e-10
7.70739900501188e-10
7.660348718611132e-10
7.613743092067534e-10
7.567576436601816e-10
7.521843155153429e-10
7.476537740601014e-10
7.431654774015708e-10
7.387188922962278e-10
7.343134939833262e-10
7.299487660222449e-10
7.256242001336243e-10
7.21339296043636e-10
7.17093561332278e-10
7.128865112833504e-10
7.087176687436638e-10
7.045865639745341e-10
7.004927345167432e-10
6.964357250537898e-10
6.924150872788149e-10
6.884303797644538e-10
6.844811678355859e-10
6.805670234449591e-10
6.766875250510648e-10
6.728422574993543e-10
6.690308119050558e-10
6.652527855395079e-10
6.615077817181147e-10
6.577954096891313e-10
6.54115284534393e-10
6.504670270529233e-10
6.468502636659975e-10
6.432646263149228e-10
6.397097523624501e-10
6.361852844968531e-10
6.326908706373234e-10
6.292261638417212e-10
6.257908222162401e-10
6.223845088268287e-10
6.190068916123263e-10
6.156576432995184e-10
6.123364413200718e-10
6.09042967728745e-10
6.057769091235996e-10
6.025379565678157e-10
5.993258055127847e-10
5.961401557231688e-10
5.929807112030368e-10
5.898471801238482e-10
5.867392747537126e-10
5.836567113877554e-10
5.805992102806073e-10
5.775664955794119e-10
5.745582952587785e-10
5.71574341056417e-10
5.686143684108307e-10
5.656781163991005e-10
5.627653276774655e-10
5.598757484209861e-10
5.570091282665521e-10
5.541652202554945e-10
5.513437807774015e-10
5.485445695162642e-10
5.457673493959125e-10
5.430118865278435e-10
5.402779501592278e-10
5.375653126224471e-10
5.348737492854247e-10
5.32203038502227e-10
5.295529615661201e-10
5.26923302661779e-10
5.243138488194523e-10
5.217243898699739e-10
5.191547183999124e-10
5.16604629708194e-10
5.140739217635097e-10
5.115623951620594e-10
5.090698530864672e-10
5.065961012652081e-10
5.041409479329593e-10
5.017042037918843e-10
4.992856819727167e-10
4.968851979978628e-10
4.945025697439522e-10
4.921376174059307e-10
4.897901634614515e-10
4.87460032635611e-10
4.851470518671438e-10
4.828510502741451e-10
4.805718591214934e-10
4.783093117880161e-10
4.760632437344091e-10
4.738334924724208e-10
4.716198975333772e-10
4.694223004383131e-10
4.672405446680923e-10
4.6507447563421055e-10
4.629239406500143e-10
4.607887889025309e-10
4.586688714246569e-10
4.565640410680422e-10
4.544741524763376e-10
4.5239906205848477e-10
4.5033862796347545e-10
4.482927100543801e-10
4.462611698836357e-10
4.4424387066848294e-10
4.4224067726673484e-10
4.4025145615301716e-10
4.382760753955116e-10
4.3631440463303667e-10
4.3436631505249417e-10
4.32431679366585e-10
4.3051037179207107e-10
4.286022680284316e-10
4.2670724523667043e-10
4.2482518201850837e-10
4.2295595839629304e-10
4.210994557927086e-10
4.1925555701106535e-10
4.17424146216001e-10
4.1560510891440093e-10
4.1379833193650655e-10
4.120037034176266e-10
4.1022111278002886e-10
4.084504507148541e-10
4.066916091646387e-10
4.0494448130622097e-10
4.03208961533381e-10
4.0148494544060597e-10
3.997723298060758e-10
3.980710125758829e-10
3.963808928478507e-10
3.947018708560508e-10