1.3993381280933011e-9
2.797827727282345e-9
2.9525594733640975e-9
2.850944014441637e-9
2.6777764889803304e-9
2.490997451969483e-9
2.3107472617283884e-9
2.143717683730353e-9
1.9914528757093523e-9
1.8535086092319222e-9
1.7287284890979403e-9
1.6157720368975616e-9
1.5133298991502015e-9
1.4202044275354588e-9
1.3353320109922814e-9
1.2577808653434055e-9
1.186739366614562e-9
1.1215016494558198e-9
1.0614533672543621e-9
1.0060587511800564e-9
9.54849305144042e-10
9.07414123352349e-10
8.633916779400176e-10
8.224628824827376e-10
7.84345238634342e-10
7.487878918546021e-10
7.155674460779959e-10
6.844844108416577e-10
6.553601756716558e-10
6.280344248009625e-10
6.023629205494172e-10
5.782155963211984e-10
5.554749104891205e-10
5.34034420864845e-10
5.137975463364754e-10
4.946764878848761e-10
4.765912855939493e-10
4.5946899269878476e-10
4.4324294953788927e-10
4.2785214430677386e-10
4.132406486150458e-10
3.993571179633365e-10
3.8615434871372453e-10
3.7358888432155643e-10
3.616206646356702e-10
3.5021271294277826e-10
3.393308561660377e-10
3.2894347425030923e-10
3.190212752959583e-10
3.095370934545228e-10
3.004657069851755e-10
2.917836742030992e-10
2.834691853335835e-10
2.755019285326772e-10
2.678629685460023e-10
2.605346366611815e-10
2.5350043076837444e-10
2.467449244819114e-10
2.402536843966053e-10
2.3401319465768585e-10
2.2801078811544622e-10
2.222345834164562e-10
2.1667342745412798e-10
2.11316842663838e-10
2.0615497870274e-10
2.011785681029529e-10
1.9637888552968665e-10
1.9174771031400062e-10
1.8727729196247041e-10
1.8296031837919975e-10
1.7878988655677874e-10
1.7475947552188455e-10
1.7086292133907588e-10
1.670943939962869e-10
1.6344837601220917e-10
1.599196426209136e-10
1.5650324340217368e-10
1.5319448523907773e-10
1.4998891649413936e-10
1.4688231230583706e-10
1.438706609160091e-10
1.409501509465009e-10
1.3811715955700782e-10
1.353682413719274e-10
1.3270011824694205e-10
1.3010966959730843e-10
1.275939234544147e-10
1.2515004808646256e-10
1.2277534414460892e-10
1.2046723733908367e-10
1.1822327157147728e-10
1.1604110250385111e-10
1.1391849153123794e-10
1.1185330012893934e-10
1.0984348454831927e-10
1.0788709083676894e-10
1.0598225015947799e-10
1.0412717440232583e-10
1.0232015203680212e-10
1.0055954422930044e-10
9.88437811784562e-11
9.717135866541798e-11
9.554083480304875e-11
9.395082697110339e-11
9.240000892530525e-11
9.088710806921131e-11
8.941090287846917e-11
8.797022046784148e-11
8.656393429204391e-11
8.519096197207434e-11
8.385026323927602e-11
8.254083798992677e-11
8.126172444362088e-11
8.001199739919093e-11
7.879076658229308e-11
7.759717507924765e-11
7.643039785199286e-11
7.528964032942435e-11
7.417413707066615e-11
7.308315049609904e-11
7.201596968229122e-11
7.097190921714282e-11
6.995030811187908e-11
6.895052876666703e-11
6.797195598687375e-11
6.701399604715604e-11
6.60760758007498e-11
6.515764183147814e-11
6.425815964616865e-11
6.337711290528268e-11
6.251400268973672e-11
6.166834680194249e-11
6.083967909929986e-11
6.002754885840952e-11
5.92315201683795e-11
5.845117135188261e-11
5.7686094412118555e-11
5.693589450490887e-11
5.6200189434211205e-11
5.5478609170065274e-11
5.4770795387782325e-11
5.407640102734848e-11
5.339508987199875e-11
5.272653614507634e-11
5.207042412410895e-11
5.142644777164512e-11
5.079431038152637e-11
5.017372424024543e-11
4.95644103024995e-11
4.896609788029659e-11
4.8378524344970685e-11
4.7801434841494036e-11
4.72345820145202e-11
4.667772574559831e-11
4.613063290105945e-11
4.559307709006119e-11
4.5064838432345766e-11
4.454570333526134e-11
4.403546427960933e-11
4.353391961399962e-11
4.304087335717106e-11
4.255613500810618e-11
4.207951936348791e-11
4.161084634219641e-11
4.1149940816530383e-11
4.069663244989979e-11
4.025075554064883e-11
3.9812148871793295e-11
3.9380655566404435e-11
3.895612294838558e-11
3.8538402408429615e-11
3.81273492749354e-11
3.772282268966269e-11
3.732468548794335e-11
3.693280408325673e-11
3.6547048355977695e-11
3.616729154613709e-11
3.579341015003017e-11
3.5425283820501754e-11
3.506279527078579e-11
3.470583018172905e-11
3.4354277112279167e-11
3.400802741310214e-11
3.366697514320662e-11
3.333101698945236e-11
3.3000052188827336e-11
3.267398245341107e-11
3.2352711897861365e-11
3.203614696940655e-11
3.1724196380166717e-11
3.1416771041769077e-11
3.111378400215625e-11
3.081515038448771e-11
3.0520787328074174e-11
3.0230531938682005e-11
2.994455119618734e-11
2.966252197535381e-11
2.938445091991985e-11
2.911026442969783e-11
2.883989060473081e-11
2.8573259198451158e-11
2.8310301572325445e-11
2.8050950651934085e-11
2.779514088445944e-11
2.7542808197502614e-11
2.729388995919636e-11
2.704832493956404e-11
2.6806053273085335e-11
2.6567016422413785e-11
2.6331157143216504e-11
2.609841945010406e-11
2.5868748583581462e-11
2.564209097802461e-11
2.541839423062085e-11
2.5197607071238832e-11
2.497967933321927e-11
2.4764561925028592e-11
2.455220680276117e-11
2.4342566943458462e-11
2.413559631921804e-11
2.3931249871895843e-11
2.3729483489356306e-11
2.3530253980831352e-11
2.3333519054567726e-11
2.3139237295326717e-11
2.2947368141877477e-11
2.275787186928238e-11
2.2570709564210617e-11
2.2385843105152586e-11
2.2203235147202368e-11
2.202284909997836e-11
2.1844649110366406e-11
2.1668600044209418e-11
2.1494667469947337e-11
2.132281764127766e-11
2.1153017481011768e-11
2.0985234565236283e-11
2.0819437107905656e-11
2.0655593945864854e-11
2.0493674524263676e-11
2.0333648882388797e-11
2.0175487639863386e-11
2.0019161983223866e-11
1.9864643652861522e-11
1.971190493030331e-11
1.956091862583902e-11
1.9411658066478097e-11
1.9264097084223905e-11
1.911821000464618e-11
1.897397163577621e-11
1.883135725726624e-11
1.8690342609853957e-11
1.855090388508487e-11
1.8413017715311942e-11
1.8276661163942727e-11
1.8141811715940772e-11
1.8008447268580404e-11
1.7876546122415558e-11
1.7746086972499576e-11
1.7617048899816103e-11
1.7489411362926155e-11
1.7363154189826403e-11
1.7238257570015387e-11
1.7114702046754145e-11
1.6992468509518494e-11
1.687153818663251e-11
1.675189263810837e-11
1.6633513748622514e-11
1.6516383720708164e-11
1.64004850680711e-11
1.6285800609109422e-11
1.617231346055689e-11
1.606000703129398e-11
1.5948865016319234e-11
1.5838871390841716e-11
1.573001040453263e-11
1.5622266575907586e-11
1.5515624686843298e-11
1.5410069777225937e-11
1.5305587139717237e-11
1.5202162314664727e-11
1.5099781085103325e-11
1.49984294718919e-11
1.489809372896714e-11
1.479876033868517e-11
1.4700416007300938e-11
1.460304766052435e-11
1.4506642439196938e-11
1.4411187695060031e-11
1.4316670986620387e-11
1.4223080075111746e-11
1.4130402920545656e-11
1.4038627677854023e-11
1.3947742693117024e-11
1.3857736499876677e-11
1.3768597815532653e-11
1.3680315537818492e-11
1.3592878741357054e-11
1.3506276674291259e-11
1.3420498754990637e-11
1.3335534568829825e-11
1.3251373865037194e-11
1.3168006553615305e-11
1.3085422702324385e-11
1.3003612533736138e-11
1.2922566422347799e-11
1.2842274891760676e-11
1.276272861191962e-11
1.2683918396410755e-11
1.2605835199818352e-11
1.252847011513748e-11
1.245181437124187e-11
1.23758593304068e-11
1.2300596485882386e-11
1.222601745951989e-11
1.2152113999448313e-11
1.2078877977797927e-11
1.2006301388470147e-11
1.1934376344960375e-11
1.1863095078225756e-11
1.1792449934579614e-11
1.1722433373657052e-11
1.1653037966407317e-11
1.1584256393118079e-11
1.1516081441509186e-11
1.1448506004826263e-11
1.1381523080015792e-11
1.1315125765902e-11
1.1249307261413681e-11
1.1184060863862111e-11
1.111937996722463e-11
1.105525806048032e-11
1.0991688725985995e-11
1.0928665637863066e-11
1.086618256043641e-11
1.0804233346688132e-11
1.0742811936760573e-11
1.0681912356471234e-11
1.0621528715866482e-11
1.0561655207800768e-11
1.0502286106545327e-11
1.0443415766422631e-11
1.0385038620467863e-11
1.032714917911629e-11
1.026974202891601e-11
1.0212811831269767e-11
1.015635332119026e-11
1.0100361306092104e-11
1.0044830664595407e-11
9.989756345366392e-12
9.935133365964683e-12
9.880956811718172e-12
9.827221834629439e-12
9.773923652286412e-12
9.7210575467993e-12
9.668618863770856e-12
9.616603011258804e-12
9.565005458789199e-12
9.513821736357718e-12
9.463047433474361e-12
9.412678198214975e-12
9.362709736283461e-12
9.313137810106183e-12
9.263958236097144e-12
9.215166881733716e-12
9.166759700661057e-12
9.118732646975508e-12
9.071081759371562e-12
9.023803124160611e-12
8.976892876618632e-12
8.930347202015235e-12
8.884162334839921e-12
8.838334558042682e-12
8.792860202287634e-12
8.74773564522074e-12
8.702957310749896e-12
8.658521668338895e-12
8.614425232308802e-12
8.570664561167836e-12
8.527236256923755e-12
8.484136964440295e-12
8.441363370789699e-12
8.398912204605398e-12
8.356780235470384e-12
8.314964273305182e-12
8.2734611677501e-12
8.2322678075895e-12
8.191381120166727e-12
8.150798070802968e-12
8.110515662246303e-12
8.07053093411331e-12
8.030840962353202e-12
7.991442858706437e-12
7.952333770181644e-12
7.913510878546076e-12
7.87497139981488e-12
7.836712583753583e-12
7.79873171338819e-12
7.761026104524045e-12
7.723593105276052e-12
7.686430095596462e-12