6.358867455118782e-12
1.3241477294777029e-10
3.2367538042690575e-10
5.272491475283048e-10
7.179767621385456e-10
8.85265612197967e-10
1.0261134485317777e-9
1.1412346981830604e-9
1.232988168554941e-9
1.3043029355503846e-9
1.3581438972424047e-9
1.397264492915883e-9
1.4241095145834082e-9
1.4407941097520702e-9
1.4491194008486018e-9
1.4506037755432063e-9
1.446519005805508e-9
1.4379258177083263e-9
1.4257064639061722e-9
1.4105933945938439e-9
1.3931939090907543e-9
1.3740110452293574e-9
1.3534611185770275e-9
1.3318883636964578e-9
1.3095771130786925e-9
1.2867619075752683e-9
1.2636358817433295e-9
1.240357717074579e-9
1.2170574095668208e-9
1.1938410571067121e-9
1.1707948369647442e-9
1.1479883140418138e-9
1.1254771957647429e-9
1.1033056290315778e-9
1.08150811776797e-9
1.0601111256737059e-9
1.0391345561321576e-9
1.0185921822426497e-9
9.984939764703664e-10
9.788455141692873e-10
9.596493317958354e-10
9.409053466773627e-10
9.226113267839733e-10
9.047632859537847e-10
8.873558164577232e-10
8.703823688217608e-10
8.538354872020978e-10
8.37707007262953e-10
8.219882223882629e-10
8.066700231276755e-10
7.917430140009322e-10
7.771976111364087e-10
7.630241236770437e-10
7.492128214323355e-10
7.357539908734092e-10
7.22637981247437e-10
7.098552423175021e-10
6.973963550062721e-10
6.852520560295206e-10
6.734132574428848e-10
6.618710618875813e-10
6.50616774204045e-10
6.39641909983381e-10
6.289382015418377e-10
6.184976017353933e-10
6.083122859600844e-10
5.98374652648995e-10
5.8867732251541e-10
5.792131367638776e-10
5.699751544552428e-10
5.60956649184502e-10
5.521511052066954e-10
5.435522131257325e-10
5.351538652437847e-10
5.269501506534337e-10
5.189353501444039e-10
5.111039309807373e-10
5.034505416009652e-10
4.959700062816215e-10
4.886573197991303e-10
4.815076421189975e-10
4.745162931361465e-10
4.676787474859736e-10
4.6099062944946285e-10
4.5444771386245695e-10
4.4804589155892894e-10
4.4178122397537073e-10
4.3564987909658153e-10
4.2964815663225416e-10
4.237724776794682e-10
4.1801938045724166e-10
4.123855161783905e-10
4.0686764502765504e-10
4.0146263232041704e-10
3.961674447425377e-10
3.90979146741244e-10
3.858948970366585e-10
3.809119452559482e-10
3.760276286872596e-10
3.712393691504212e-10
3.6654466998126434e-10
3.61941113126316e-10
3.574263563445603e-10
3.5299813051293637e-10
3.4865423703221917e-10
3.443925453299551e-10
3.402109904571514e-10
3.361075707754546e-10
3.3208034573160257e-10
3.2812743371601203e-10
3.2424701000241755e-10
3.2043730476556365e-10
3.166966011740176e-10
3.130232335552768e-10
3.094155856303862e-10
3.058720888154331e-10
3.0239122058729315e-10
2.9897150291115713e-10
2.956115007274142e-10
2.923098204955537e-10
2.8906510879287263e-10
2.858760509657801e-10
2.82741369831661e-10
2.796598244292679e-10
2.7663020881572537e-10
2.736513509082936e-10
2.7072211136911395e-10
2.6784138253122026e-10
2.6500808736418626e-10
2.6222117847781746e-10
2.594796371624043e-10
2.567824724640418e-10
2.5412872029366826e-10
2.5151744256846063e-10
2.489477263843167e-10
2.464186832181926e-10
2.4392944815911687e-10
2.4147917916676654e-10
2.3906705635649524e-10
2.366922813098061e-10
2.3435407640924877e-10
2.320516841968168e-10
2.297843667548933e-10
2.2755140510890638e-10
2.2535209865082432e-10
2.231857645827149e-10
2.2105173737956133e-10
2.1894936827062873e-10
2.1687802473865024e-10
2.1483709003615996e-10
2.128259627183219e-10
2.1084405619162154e-10
2.0889079827785433e-10
2.0696563079269257e-10
2.0506800913860448e-10
2.0319740191118406e-10
2.013532905186785e-10
1.995351688141183e-10
1.9774254273958582e-10
1.9597492998218784e-10
1.9423185964131078e-10
1.925128719067009e-10
1.9081751774703545e-10
1.8914535860855505e-10
1.8749596612340096e-10
1.8586892182733927e-10
1.8426381688647866e-10
1.8268031116940609e-10
1.8111783630750699e-10
1.79576188813878e-10
1.780549364760298e-10
1.765537148066326e-10
1.7507216748130922e-10
1.7360994612013872e-10
1.7216671007592563e-10
1.707421262289858e-10
1.6933586878823548e-10
1.6794761909836258e-10
1.665770654528583e-10
1.6522390291273372e-10
1.6388783313069883e-10
1.6256856570864042e-10
1.612658119371251e-10
1.5997929219023112e-10
1.5870873593925615e-10
1.5745387379216002e-10
1.5621444354366222e-10
1.549901884879313e-10
1.5378085728042682e-10
1.52586203803732e-10
1.514059870372959e-10
1.5023997093094531e-10
1.4908792428202714e-10
1.479496206160801e-10
1.4682483807091314e-10
1.457133592839899e-10
1.4461497128299078e-10
1.4352946537947558e-10
1.4245663706554298e-10
1.4139628591336347e-10
1.4034821547754072e-10
1.3931223320017533e-10
1.382881503185513e-10
1.3727578177538647e-10
1.3627494613153548e-10
1.352854654810893e-10
1.343071653687873e-10
1.3333987470967903e-10
1.323834257109521e-10
1.31437653795872e-10
1.3050239752977467e-10
1.2957749854862387e-10
1.2866280148651316e-10
1.2775815391096495e-10
1.2686340625413804e-10
1.2597841174871995e-10
1.2510302636493147e-10
1.242371087491812e-10
1.2338052016432316e-10
1.225331244314662e-10
1.2169478787328192e-10
1.2086537925878704e-10
1.2004476974953675e-10
1.1923283284645963e-10
1.1842944434174071e-10
1.1763448226456108e-10
1.168478268355589e-10
1.1606936041876746e-10
1.1529896747551286e-10
1.1453653451945526e-10
1.137819500727421e-10
1.1303510462327676e-10
1.1229589058302685e-10
1.1156420224737116e-10
1.1083993575544581e-10
1.1012298905146338e-10
1.0941326184697773e-10
1.0871065558406838e-10
1.080150733994227e-10
1.073264200892741e-10
1.0664460207520499e-10
1.0596952737075556e-10
1.0530110554883988e-10
1.046392477099401e-10
1.0398386645105104e-10
1.0333487583536515e-10
1.0269219136273965e-10
1.0205572994055849e-10
1.0142540985582999e-10
1.0080115074743201e-10
1.0018287357922386e-10
9.957050061375973e-11
9.896395538659576e-11
9.836316268120015e-11
9.77680485044312e-11
9.717854006258013e-11
9.659456573797238e-11
9.601605506608023e-11
9.544293871317532e-11
9.487514845447715e-11
9.431261715279305e-11
9.375527873764048e-11
9.320306818484041e-11
9.265592149656351e-11
9.211377568181884e-11
9.157656873737101e-11
9.104423962910243e-11
9.051672827374742e-11
8.999397552107203e-11
8.947592313639994e-11
8.896251378356333e-11
8.845369100818872e-11
8.794939922136249e-11
8.744958368365678e-11
8.695419048948058e-11
8.646316655178233e-11
8.597645958707404e-11
8.549401810077828e-11
8.501579137288528e-11
8.454172944390942e-11
8.407178310116234e-11
8.360590386528824e-11
8.314404397709954e-11
8.268615638469409e-11
8.223219473081785e-11
8.178211334052252e-11
8.133586720904994e-11
8.089341198998845e-11
8.045470398366387e-11
8.001970012577344e-11
7.958835797624967e-11
7.916063570835681e-11
7.873649209800644e-11
7.831588651329108e-11
7.789877890423169e-11
7.748512979273062e-11
7.707490026272934e-11
7.666805195056173e-11
7.626454703550272e-11
7.586434823050573e-11
7.546741877312382e-11
7.507372241661172e-11
7.468322342120538e-11
7.429588654557127e-11
7.391167703842842e-11
7.353056063032952e-11
7.315250352560822e-11
7.277747239448145e-11
7.240543436530494e-11
7.203635701698106e-11
7.167020837151196e-11
7.130695688669831e-11
7.094657144897748e-11
7.058902136639917e-11
7.023427636173672e-11
6.988230656572969e-11
6.953308251045468e-11
6.918657512281935e-11
6.88427557181866e-11
6.85015959941189e-11
6.816306802422303e-11
6.782714425213814e-11
6.749379748562011e-11
6.716300089072828e-11
6.683472798614942e-11
6.650895263758766e-11
6.618564905229994e-11
6.586479177369934e-11
6.554635567606984e-11
6.523031595939204e-11
6.491664814423743e-11
6.460532806677174e-11
6.429633187385592e-11
6.398963601821662e-11
6.368521725372282e-11
6.338305263192173e-11
6.308311949276637e-11
6.278539546714992e-11
6.248985846786908e-11
6.219648668645196e-11
6.190525858891564e-11
6.161615291159798e-11
6.132914865706385e-11
6.104422509008318e-11
6.076136173368075e-11
6.048053836525913e-11
6.020173501278036e-11
5.992493195102459e-11
5.965010970609664e-11
5.937724901914807e-11
5.910633089166976e-11
5.88373365495404e-11
5.857024743918643e-11
5.830504525816487e-11
5.804171190099256e-11
5.7780229489738734e-11
5.7520580362367804e-11
5.7262747069608315e-11
5.70067123718467e-11
5.6752459236096936e-11
5.6499970833011287e-11
5.62492305339351e-11
5.6000221906389856e-11
5.5752928717794945e-11
5.550733492280884e-11
5.526342466717068e-11
5.502118228335631e-11
5.478059228792369e-11
5.454163937889852e-11
5.4304308433210625e-11
5.406858450416968e-11
5.383445281898149e-11
5.3601898776307756e-11
5.3370907943863006e-11
5.314146605605356e-11
5.2913559011653463e-11
5.268717287152e-11
5.2462293856339716e-11
5.22389083444298e-11
5.201700286954314e-11
5.1796564118741666e-11
5.157757893029027e-11
5.1360034291570475e-11
5.1143917337054577e-11
5.092921534629866e-11
5.07159157419556e-11
5.0504006087843976e-11
5.029347408703629e-11
5.008430757996457e-11
4.9876494542581024e-11
4.967002308452792e-11
4.9464881447349734e-11
4.9261058002719934e-11
4.9058541250703316e-11
4.8857319818050597e-11
4.865738245650945e-11
4.8458718041167076e-11
4.8261315568817514e-11
4.8065164156353345e-11
4.787025303918855e-11
4.767657156969192e-11