6.358867455118782e-12
1.3241477294777026e-10
3.236753804269056e-10
5.272491475283047e-10
7.179767621385455e-10
8.85265612197967e-10
1.0261134485317775e-9
1.1412346981830604e-9
1.232988168554941e-9
1.3043029355503846e-9
1.3581438972424044e-9
1.3972644929158831e-9
1.4241095145834078e-9
1.44079410975207e-9
1.4491194008486018e-9
1.4506037755432057e-9
1.446519005805508e-9
1.4379258177083261e-9
1.4257064639061718e-9
1.4105933945938439e-9
1.393193909090754e-9
1.3740110452293574e-9
1.3534611185770273e-9
1.3318883636964573e-9
1.3095771130786923e-9
1.286761907575268e-9
1.2636358817433293e-9
1.2403577170745784e-9
1.2170574095668206e-9
1.1938410571067115e-9
1.1707948369647438e-9
1.1479883140418138e-9
1.1254771957647425e-9
1.1033056290315776e-9
1.0815081177679694e-9
1.0601111256737054e-9
1.0391345561321576e-9
1.0185921822426495e-9
9.98493976470366e-10
9.788455141692873e-10
9.596493317958354e-10
9.409053466773625e-10
9.226113267839732e-10
9.047632859537845e-10
8.873558164577232e-10
8.703823688217603e-10
8.538354872020974e-10
8.377070072629528e-10
8.219882223882625e-10
8.066700231276753e-10
7.91743014000932e-10
7.771976111364085e-10
7.630241236770437e-10
7.492128214323352e-10
7.357539908734089e-10
7.226379812474371e-10
7.098552423175019e-10
6.97396355006272e-10
6.852520560295205e-10
6.734132574428849e-10
6.61871061887581e-10
6.506167742040448e-10
6.396419099833808e-10
6.289382015418377e-10
6.184976017353933e-10
6.083122859600843e-10
5.983746526489949e-10
5.886773225154096e-10
5.792131367638776e-10
5.699751544552427e-10
5.609566491845018e-10
5.521511052066952e-10
5.435522131257321e-10
5.351538652437847e-10
5.269501506534337e-10
5.189353501444039e-10
5.111039309807374e-10
5.034505416009654e-10
4.959700062816215e-10
4.886573197991306e-10
4.815076421189977e-10
4.745162931361462e-10
4.676787474859733e-10
4.609906294494628e-10
4.5444771386245675e-10
4.480458915589289e-10
4.417812239753704e-10
4.356498790965813e-10
4.29648156632254e-10
4.2377247767946805e-10
4.1801938045724145e-10
4.1238551617839037e-10
4.0686764502765504e-10
4.0146263232041694e-10
3.9616744474253764e-10
3.909791467412438e-10
3.858948970366586e-10
3.8091194525594805e-10
3.7602762868725944e-10
3.712393691504211e-10
3.665446699812643e-10
3.6194111312631597e-10
3.574263563445602e-10
3.5299813051293626e-10
3.4865423703221906e-10
3.44392545329955e-10
3.402109904571514e-10
3.361075707754545e-10
3.320803457316025e-10
3.281274337160119e-10
3.2424701000241755e-10
3.204373047655636e-10
3.1669660117401734e-10
3.130232335552767e-10
3.094155856303861e-10
3.05872088815433e-10
3.0239122058729315e-10
2.989715029111571e-10
2.9561150072741414e-10
2.9230982049555374e-10
2.890651087928726e-10
2.858760509657801e-10
2.827413698316611e-10
2.796598244292679e-10
2.7663020881572537e-10
2.7365135090829363e-10
2.707221113691139e-10
2.6784138253122026e-10
2.650080873641862e-10
2.6222117847781736e-10
2.594796371624044e-10
2.5678247246404186e-10
2.54128720293668e-10
2.515174425684607e-10
2.489477263843167e-10
2.464186832181925e-10
2.4392944815911677e-10
2.4147917916676654e-10
2.390670563564953e-10
2.366922813098062e-10
2.3435407640924877e-10
2.3205168419681667e-10
2.297843667548932e-10
2.275514051089064e-10
2.2535209865082422e-10
2.2318576458271495e-10
2.2105173737956133e-10
2.1894936827062876e-10
2.1687802473865016e-10
2.1483709003616e-10
2.1282596271832195e-10
2.1084405619162151e-10
2.0889079827785415e-10
2.0696563079269246e-10
2.0506800913860427e-10
2.031974019111839e-10
2.0135329051867844e-10
1.9953516881411823e-10
1.9774254273958574e-10
1.9597492998218784e-10
1.9423185964131057e-10
1.9251287190670074e-10
1.9081751774703524e-10
1.891453586085549e-10
1.8749596612340086e-10
1.8586892182733909e-10
1.8426381688647842e-10
1.8268031116940588e-10
1.8111783630750693e-10
1.7957618881387785e-10
1.780549364760296e-10
1.7655371480663255e-10
1.7507216748130906e-10
1.7360994612013864e-10
1.7216671007592542e-10
1.707421262289857e-10
1.6933586878823537e-10
1.6794761909836243e-10
1.6657706545285813e-10
1.652239029127336e-10
1.6388783313069867e-10
1.6256856570864026e-10
1.6126581193712496e-10
1.5997929219023105e-10
1.5870873593925605e-10
1.5745387379215992e-10
1.5621444354366211e-10
1.5499018848793118e-10
1.537808572804267e-10
1.5258620380373193e-10
1.5140598703729573e-10
1.502399709309452e-10
1.490879242820271e-10
1.4794962061607994e-10
1.4682483807091306e-10
1.457133592839898e-10
1.446149712829907e-10
1.4352946537947543e-10
1.4245663706554285e-10
1.4139628591336334e-10
1.4034821547754062e-10
1.3931223320017517e-10
1.3828815031855123e-10
1.3727578177538631e-10
1.3627494613153538e-10
1.352854654810892e-10
1.3430716536878722e-10
1.3333987470967895e-10
1.3238342571095198e-10
1.3143765379587195e-10
1.3050239752977462e-10
1.295774985486239e-10
1.2866280148651319e-10
1.2775815391096506e-10
1.268634062541381e-10
1.2597841174871998e-10
1.2510302636493155e-10
1.2423710874918116e-10
1.2338052016432334e-10
1.2253312443146626e-10
1.2169478787328197e-10
1.2086537925878712e-10
1.200447697495369e-10
1.1923283284645944e-10
1.1842944434174056e-10
1.1763448226456103e-10
1.1684782683555875e-10
1.160693604187673e-10
1.1529896747551277e-10
1.1453653451945516e-10
1.1378195007274203e-10
1.1303510462327671e-10
1.1229589058302677e-10
1.1156420224737098e-10
1.1083993575544575e-10
1.1012298905146326e-10
1.0941326184697766e-10
1.0871065558406828e-10
1.0801507339942267e-10
1.0732642008927399e-10
1.0664460207520487e-10
1.0596952737075546e-10
1.0530110554883982e-10
1.0463924770994004e-10
1.03983866451051e-10
1.0333487583536507e-10
1.0269219136273968e-10
1.0205572994055841e-10
1.0142540985582997e-10
1.0080115074743192e-10
1.0018287357922384e-10
9.957050061375968e-11
9.896395538659573e-11
9.836316268120015e-11
9.77680485044311e-11
9.717854006258011e-11
9.65945657379723e-11
9.601605506608015e-11
9.544293871317531e-11
9.487514845447715e-11
9.431261715279304e-11
9.375527873764047e-11
9.32030681848404e-11
9.265592149656349e-11
9.211377568181879e-11
9.157656873737096e-11
9.104423962910234e-11
9.051672827374741e-11
8.999397552107199e-11
8.947592313639991e-11
8.896251378356336e-11
8.845369100818867e-11
8.794939922136242e-11
8.744958368365679e-11
8.695419048948054e-11
8.646316655178225e-11
8.59764595870741e-11
8.549401810077833e-11
8.50157913728852e-11
8.454172944390942e-11
8.40717831011623e-11
8.360590386528819e-11
8.314404397709947e-11
8.268615638469404e-11
8.223219473081788e-11
8.178211334052253e-11
8.133586720904994e-11
8.089341198998838e-11
8.045470398366389e-11
8.001970012577337e-11
7.958835797624959e-11
7.916063570835681e-11
7.873649209800637e-11
7.831588651329102e-11
7.789877890423168e-11
7.748512979273062e-11
7.707490026272928e-11
7.666805195056168e-11
7.626454703550269e-11
7.586434823050577e-11
7.546741877312376e-11
7.507372241661167e-11
7.468322342120538e-11
7.429588654557128e-11
7.391167703842835e-11
7.353056063032952e-11
7.315250352560821e-11
7.277747239448148e-11
7.24054343653049e-11
7.203635701698106e-11
7.167020837151194e-11
7.13069568866983e-11
7.094657144897748e-11
7.058902136639916e-11
7.023427636173669e-11
6.988230656572969e-11
6.953308251045466e-11
6.918657512281934e-11
6.884275571818656e-11
6.850159599411897e-11
6.816306802422305e-11
6.782714425213811e-11
6.749379748562007e-11
6.716300089072829e-11
6.68347279861494e-11
6.650895263758769e-11
6.618564905229991e-11
6.586479177369924e-11
6.55463556760698e-11
6.52303159593921e-11
6.491664814423746e-11
6.460532806677173e-11
6.42963318738559e-11
6.39896360182166e-11
6.36852172537228e-11
6.33830526319217e-11
6.30831194927663e-11
6.278539546714987e-11
6.248985846786901e-11
6.219648668645191e-11
6.190525858891555e-11
6.161615291159793e-11
6.132914865706385e-11
6.104422509008313e-11
6.076136173368073e-11
6.048053836525912e-11
6.020173501278035e-11
5.992493195102458e-11
5.96501097060967e-11
5.93772490191481e-11
5.910633089167e-11
5.88373365495406e-11
5.857024743918643e-11
5.830504525816483e-11
5.804171190099252e-11
5.778022948973869e-11
5.7520580362367745e-11
5.7262747069608276e-11
5.700671237184666e-11
5.6752459236096865e-11
5.649997083301127e-11
5.6249230533935044e-11
5.600022190638982e-11
5.575292871779496e-11
5.550733492280885e-11
5.5263424667170676e-11
5.5021182283356326e-11
5.478059228792372e-11
5.4541639378898496e-11
5.430430843321065e-11
5.406858450416969e-11
5.383445281898148e-11
5.360189877630775e-11
5.3370907943863006e-11
5.314146605605356e-11
5.2913559011653463e-11
5.268717287152e-11
5.246229385633969e-11
5.22389083444299e-11
5.201700286954313e-11
5.179656411874166e-11
5.1577578930290274e-11
5.136003429157049e-11
5.1143917337054564e-11
5.0929215346298754e-11
5.071591574195557e-11
5.0504006087843956e-11
5.02934740870363e-11
5.0084307579964595e-11
4.9876494542581e-11
4.967002308452791e-11
4.946488144734972e-11
4.92610580027199e-11
4.9058541250703264e-11
4.885731981805057e-11
4.865738245650943e-11
4.845871804116709e-11
4.8261315568817585e-11
4.8065164156353403e-11
4.787025303918857e-11
4.7676571569691904e-11