1.3993381280933013e-9
2.797827727282345e-9
2.9525594733640975e-9
2.8509440144416377e-9
2.6777764889803304e-9
2.4909974519694825e-9
2.3107472617283892e-9
2.1437176837303535e-9
1.991452875709353e-9
1.8535086092319222e-9
1.7287284890979403e-9
1.6157720368975612e-9
1.5133298991502015e-9
1.4202044275354594e-9
1.3353320109922811e-9
1.257780865343406e-9
1.1867393666145622e-9
1.1215016494558204e-9
1.0614533672543626e-9
1.0060587511800568e-9
9.54849305144042e-10
9.074141233523491e-10
8.633916779400177e-10
8.224628824827374e-10
7.843452386343418e-10
7.487878918546022e-10
7.15567446077996e-10
6.844844108416578e-10
6.553601756716559e-10
6.280344248009623e-10
6.023629205494172e-10
5.782155963211981e-10
5.554749104891204e-10
5.340344208648448e-10
5.137975463364751e-10
4.946764878848764e-10
4.765912855939491e-10
4.594689926987848e-10
4.432429495378892e-10
4.2785214430677376e-10
4.132406486150456e-10
3.993571179633366e-10
3.861543487137245e-10
3.7358888432155633e-10
3.6162066463567e-10
3.5021271294277826e-10
3.393308561660375e-10
3.28943474250309e-10
3.190212752959582e-10
3.0953709345452287e-10
3.004657069851755e-10
2.917836742030992e-10
2.8346918533358363e-10
2.7550192853267733e-10
2.678629685460022e-10
2.605346366611815e-10
2.5350043076837444e-10
2.467449244819115e-10
2.4025368439660524e-10
2.3401319465768585e-10
2.2801078811544628e-10
2.222345834164563e-10
2.1667342745412803e-10
2.1131684266383803e-10
2.0615497870274005e-10
2.0117856810295294e-10
1.963788855296866e-10
1.9174771031400057e-10
1.8727729196247041e-10
1.8296031837919978e-10
1.7878988655677864e-10
1.7475947552188455e-10
1.708629213390759e-10
1.6709439399628677e-10
1.634483760122092e-10
1.5991964262091355e-10
1.5650324340217368e-10
1.5319448523907783e-10
1.4998891649413933e-10
1.4688231230583696e-10
1.4387066091600912e-10
1.409501509465009e-10
1.3811715955700756e-10
1.3536824137192737e-10
1.3270011824694205e-10
1.3010966959730832e-10
1.2759392345441466e-10
1.2515004808646253e-10
1.2277534414460892e-10
1.2046723733908367e-10
1.1822327157147728e-10
1.1604110250385111e-10
1.1391849153123785e-10
1.1185330012893922e-10
1.0984348454831916e-10
1.0788709083676887e-10
1.0598225015947786e-10
1.0412717440232569e-10
1.0232015203680203e-10
1.0055954422930034e-10
9.884378117845608e-11
9.717135866541786e-11
9.554083480304882e-11
9.39508269711035e-11
9.240000892530536e-11
9.08871080692114e-11
8.941090287846924e-11
8.797022046784152e-11
8.6563934292044e-11
8.519096197207443e-11
8.385026323927608e-11
8.254083798992681e-11
8.126172444362094e-11
8.001199739919098e-11
7.879076658229312e-11
7.759717507924772e-11
7.643039785199295e-11
7.52896403294244e-11
7.417413707066624e-11
7.308315049609911e-11
7.201596968229129e-11
7.097190921714287e-11
6.995030811187917e-11
6.895052876666705e-11
6.79719559868738e-11
6.701399604715613e-11
6.607607580074987e-11
6.515764183147815e-11
6.425815964616868e-11
6.337711290528275e-11
6.25140026897367e-11
6.16683468019426e-11
6.083967909929994e-11
6.00275488584096e-11
5.923152016837946e-11
5.845117135188245e-11
5.76860944121185e-11
5.6935894504908623e-11
5.620018943421097e-11
5.547860917006517e-11
5.477079538778222e-11
5.4076401027348445e-11
5.3395089871998596e-11
5.2726536145076376e-11
5.207042412410905e-11
5.142644777164519e-11
5.079431038152639e-11
5.017372424024546e-11
4.956441030249954e-11
4.896609788029662e-11
4.837852434497073e-11
4.7801434841494055e-11
4.723458201452024e-11
4.6677725745598366e-11
4.613063290105949e-11
4.55930770900612e-11
4.506483843234577e-11
4.45457033352614e-11
4.4035464279609345e-11
4.353391961399961e-11
4.304087335717107e-11
4.255613500810621e-11
4.2079519363487936e-11
4.161084634219635e-11
4.114994081653037e-11
4.0696632449899826e-11
4.0250755540648815e-11
3.981214887179328e-11
3.938065556640439e-11
3.895612294838553e-11
3.8538402408429635e-11
3.8127349274935426e-11
3.772282268966269e-11
3.732468548794333e-11
3.693280408325675e-11
3.65470483559777e-11
3.616729154613707e-11
3.579341015003015e-11
3.5425283820501735e-11
3.506279527078583e-11
3.4705830181729046e-11
3.4354277112279167e-11
3.400802741310214e-11
3.366697514320662e-11
3.3331016989452344e-11
3.3000052188827336e-11
3.267398245341107e-11
3.235271189786138e-11
3.2036146969406556e-11
3.17241963801667e-11
3.141677104176908e-11
3.111378400215626e-11
3.081515038448764e-11
3.0520787328074174e-11
3.0230531938682024e-11
2.994455119618729e-11
2.966252197535379e-11
2.938445091991988e-11
2.911026442969779e-11
2.8839890604730735e-11
2.8573259198451116e-11
2.8310301572325474e-11
2.8050950651934046e-11
2.7795140884459473e-11
2.7542808197502634e-11
2.7293889959196324e-11
2.7048324939564015e-11
2.6806053273085374e-11
2.656701642241376e-11
2.6331157143216513e-11
2.609841945010408e-11
2.5868748583581484e-11
2.5642090978024593e-11
2.5418394230620816e-11
2.5197607071238868e-11
2.4979679333219295e-11
2.4764561925028566e-11
2.4552206802761206e-11
2.4342566943458443e-11
2.4135596319218017e-11
2.3931249871895863e-11
2.372948348935633e-11
2.35302539808313e-11
2.333351905456775e-11
2.3139237295326736e-11
2.294736814187736e-11
2.275787186928223e-11
2.2570709564210637e-11
2.2385843105152606e-11
2.2203235147202394e-11
2.2022849099978385e-11
2.18446491103663e-11
2.1668600044209347e-11
2.1494667469947347e-11
2.1322817641277587e-11
2.1153017481011778e-11
2.0985234565236293e-11
2.081943710790567e-11
2.065559394586478e-11
2.049367452426362e-11
2.0333648882388807e-11
2.01754876398634e-11
2.001916198322387e-11
1.9864643652861467e-11
1.9711904930303258e-11
1.9560918625838982e-11
1.941165806647805e-11
1.9264097084223917e-11
1.9118210004646143e-11
1.8973971635776174e-11
1.8831357257266198e-11
1.869034260985392e-11
1.8550903885084827e-11
1.8413017715311913e-11
1.8276661163942753e-11
1.814181171594075e-11
1.8008447268580368e-11
1.7876546122415535e-11
1.7746086972499547e-11
1.7617048899816074e-11
1.748941136292614e-11
1.736315418982638e-11
1.7238257570015374e-11
1.711470204675413e-11
1.6992468509518475e-11
1.687153818663249e-11
1.675189263810836e-11
1.6633513748622504e-11
1.651638372070815e-11
1.6400485068071098e-11
1.6285800609109422e-11
1.6172313460556883e-11
1.6060007031293973e-11
1.594886501631923e-11
1.5838871390841713e-11
1.5730010404532633e-11
1.56222665759075e-11
1.551562468684322e-11
1.5410069777225944e-11
1.5305587139717228e-11
1.520216231466473e-11
1.509978108510334e-11
1.4998429471891906e-11
1.4898093728967144e-11
1.4798760338685113e-11
1.4700416007300883e-11
1.4603047660524303e-11
1.4506642439196936e-11
1.441118769505998e-11
1.4316670986620398e-11
1.4223080075111759e-11
1.4130402920545664e-11
1.4038627677854036e-11
1.3947742693117037e-11
1.385773649987664e-11
1.3768597815532616e-11
1.3680315537818506e-11
1.3592878741357064e-11
1.3506276674291233e-11
1.3420498754990604e-11
1.3335534568829791e-11
1.3251373865037204e-11
1.3168006553615276e-11
1.3085422702324359e-11
1.300361253373611e-11
1.2922566422347768e-11
1.2842274891760657e-11
1.2762728611919601e-11
1.2683918396410778e-11
1.2605835199818332e-11
1.252847011513746e-11
1.2451814371241854e-11
1.2375859330406779e-11
1.2300596485882375e-11
1.2226017459519876e-11
1.21521139994483e-11
1.2078877977797909e-11
1.2006301388470141e-11
1.1934376344960364e-11
1.1863095078225735e-11
1.1792449934579597e-11
1.1722433373657046e-11
1.1653037966407315e-11
1.1584256393118069e-11
1.1516081441509178e-11
1.1448506004826192e-11
1.1381523080015782e-11
1.1315125765901993e-11
1.1249307261413681e-11
1.1184060863862053e-11
1.1119379967224578e-11
1.1055258060480323e-11
1.0991688725986003e-11
1.0928665637863066e-11
1.086618256043641e-11
1.080423334668808e-11
1.0742811936760578e-11
1.0681912356471243e-11
1.0621528715866492e-11
1.056165520780078e-11
1.050228610654534e-11
1.0443415766422638e-11
1.0385038620467823e-11
1.0327149179116291e-11
1.026974202891597e-11
1.0212811831269728e-11
1.0156353321190227e-11
1.0100361306092064e-11
1.004483066459542e-11
9.989756345366406e-12
9.935133365964647e-12
9.880956811718146e-12
9.82722183462941e-12
9.773923652286384e-12
9.721057546799273e-12
9.668618863770832e-12
9.616603011258818e-12
9.56500545878918e-12
9.5138217363577e-12
9.46304743347438e-12
9.412678198214958e-12
9.362709736283477e-12
9.313137810106202e-12
9.263958236097144e-12
9.215166881733615e-12
9.166759700661064e-12
9.118732646975492e-12
9.071081759371548e-12
9.0238031241606e-12
8.976892876618618e-12
8.930347202015225e-12
8.884162334839908e-12
8.83833455804267e-12
8.792860202287629e-12
8.74773564522073e-12
8.702957310749893e-12
8.65852166833889e-12
8.614425232308798e-12
8.570664561167767e-12
8.527236256923758e-12
8.484136964440294e-12
8.441363370789691e-12
8.398912204605395e-12
8.356780235470384e-12
8.314964273305128e-12
8.273461167750106e-12
8.2322678075895e-12
8.191381120166722e-12
8.150798070802963e-12
8.110515662246306e-12
8.070530934113313e-12
8.030840962353208e-12
7.991442858706448e-12
7.952333770181653e-12
7.913510878546084e-12
7.874971399814888e-12
7.836712583753589e-12
7.79873171338815e-12
7.761026104524005e-12
7.72359310527606e-12
7.686430095596469e-12