1.379465113079042e-8
3.1449940284425446e-8
3.693795498692085e-8
3.894361283418804e-8
3.9345158864390317e-8
3.891029684520592e-8
3.8019919047294564e-8
3.688270899331836e-8
3.5619854385165506e-8
3.430422075375484e-8
3.2980423155346055e-8
3.1675880504602197e-8
3.040723744820398e-8
2.9184249926559807e-8
2.8012211506763574e-8
2.689350636378668e-8
2.582862259265773e-8
2.481682321400534e-8
2.385659533343343e-8
2.2945952945474372e-8
2.208264177349929e-8
2.1264277745115392e-8
2.0488440091725905e-8
1.9752733201187324e-8
1.9054826850299313e-8
1.839248144220105e-8
1.776356284627134e-8
1.716605005280805e-8
1.6598037898626302e-8
1.6057736453992364e-8
1.5543468194274278e-8
1.5053663749939856e-8
1.4586856794469862e-8
1.4141678462917672e-8
1.3716851574559991e-8
1.331118484763912e-8
1.2923567232961025e-8
1.2552962449271994e-8
1.2198403772038206e-8
1.1858989105022874e-8
1.153387634839379e-8
1.122227906619505e-8
1.0923462448566301e-8
1.0636739559139168e-8
1.0361467854709988e-8
1.0097045963390812e-8
9.84291070453782e-9
9.598534334701217e-9
9.363422005542955e-9
9.137109416541895e-9
8.91916064882419e-9
8.70916616610528e-9
8.50674096972879e-9
8.311522895640328e-9
8.123171041982559e-9
7.941364316830083e-9
7.7658000963783e-9
7.596192984659396e-9
7.4322736665711925e-9
7.2737878466718575e-9
7.12049526681343e-9
6.972168796261457e-9
6.828593588478637e-9
6.689566299237538e-9
6.5548943611768066e-9
6.424395310325433e-9
6.297896160496912e-9
6.175232821798996e-9
6.056249559820613e-9
5.94079849234409e-9
5.828739120694694e-9
5.71993789307954e-9
5.614267797485914e-9
5.5116079819107875e-9
5.411843399874733e-9
5.314864479340904e-9
5.22056681331175e-9
5.128850870516237e-9
5.039621724726074e-9
4.952788801357297e-9
4.868265640119087e-9
4.785969672568983e-9
4.705822013523904e-9
4.627747265355754e-9
4.551673334277962e-9
4.477531257795054e-9
4.4052550425528224e-9
4.334781511881738e-9
4.2660501623815225e-9
4.199003028942152e-9
4.133584557640958e-9
4.069741485997891e-9
4.00742273010802e-9
3.94657927820436e-9
3.887164090238451e-9
3.829132003093094e-9
3.772439641070565e-9
3.71704533132423e-9
3.662909023924846e-9
3.60999221627372e-9
3.558257881595582e-9
3.5076704012151154e-9
3.458195500659004e-9
3.4098001886942786e-9
3.362452699980626e-9
3.316122440429708e-9
3.270779935766635e-9
3.2263967820618524e-9
3.182945599424384e-9
3.140399987719795e-9
3.098734461406374e-9
3.0579245254414852e-9
3.017946405710521e-9
2.9787772445849203e-9
2.940394950787843e-9
2.9027781899010863e-9
2.8659063532781682e-9
2.8297595284410418e-9
2.7943184708808075e-9
2.7595645771855954e-9
2.7254798594258864e-9
2.692046920729246e-9
2.659248931982527e-9
2.6270696096021185e-9
2.5954931943162942e-9
2.564504430907663e-9
2.5340885488661395e-9
2.5042312439057552e-9
2.474918660301922e-9
2.4461373740068712e-9
2.4178743765051327e-9
2.3901170593718136e-9
2.362853199498398e-9
2.336070944954142e-9
2.3097588014511855e-9
2.2839056193843553e-9
2.258500581417691e-9
2.2335331905919914e-9
2.2089932589274366e-9
2.184870896499014e-9
2.1611565009615608e-9
2.137840747503498e-9
2.1149145792097102e-9
2.0923691978141976e-9
2.070196054824322e-9
2.048386843000399e-9
2.026933488173614e-9
2.005828141387427e-9
1.9850631713478706e-9
1.9646311571685863e-9
1.9445248813979754e-9
1.9247373233153516e-9
1.9052616524849178e-9
1.8860912225557636e-9
1.8672195652975697e-9
1.8486403848612608e-9
1.830347552255653e-9
1.8123351000300745e-9
1.7945972171550304e-9
1.7771282440915288e-9
1.7599226680420802e-9
1.742975118375139e-9
1.7262803622158216e-9
1.7098333001963767e-9
1.6936289623593548e-9
1.6776625042075799e-9
1.6619292028945453e-9
1.6464244535499576e-9
1.631143765734595e-9
1.6160827600196455e-9
1.6012371646849941e-9
1.586602812532727e-9
1.5721756378096585e-9
1.5579516732365615e-9
1.5439270471383988e-9
1.5300979806719544e-9
1.5164607851479878e-9
1.503011859442787e-9
1.4897476874968239e-9
1.476664835896986e-9
1.4637599515383784e-9
1.451029759363999e-9
1.4384710601784037e-9
1.4260807285326567e-9
1.4138557106784933e-9
1.4017930225884764e-9
1.3898897480400733e-9
1.3781430367612139e-9
1.366550102634826e-9
1.3551082219608718e-9
1.3438147317728353e-9
1.3326670282077967e-9
1.3216625649270533e-9
1.3107988515862653e-9
1.3000734523531207e-9
1.2894839844709635e-9
1.2790281168660244e-9
1.2687035687980604e-9
1.258508108551886e-9
1.2484395521682523e-9
1.2384957622136101e-9
1.2286746465866637e-9
1.218974157360636e-9
1.2093922896601152e-9
1.1999270805713496e-9
1.1905766080845874e-9
1.1813389900676012e-9
1.1722123832694604e-9
1.1631949823531244e-9
1.1542850189562603e-9
1.1454807607794795e-9
1.136780510700273e-9
1.1281826059130325e-9
1.1196854170929785e-9
1.11128734758452e-9
1.102986832612181e-9
1.094782338513943e-9
1.0866723619960446e-9
1.0786554294086144e-9
1.0707300960419225e-9
1.0628949454411756e-9
1.0551485887415545e-9
1.0474896640203592e-9
1.0399168356677082e-9
1.0324287937739786e-9
1.0250242535342032e-9
1.0177019546684747e-9
1.0104606608577459e-9
1.003299159195272e-9
9.962162596524861e-10
9.892107945589108e-10
9.82281618096213e-10
9.75427605805523e-10
9.686476541077767e-10
9.619406798364044e-10
9.553056197825977e-10
9.48741430252271e-10
9.422470866336932e-10
9.358215829797579e-10
9.294639315946143e-10
9.231731626369836e-10
9.169483237308565e-10
9.107884795863185e-10
9.04692711630316e-10
8.986601176465369e-10
8.926898114244711e-10
8.867809224172586e-10
8.809325954081772e-10
8.751439901850497e-10
8.694142812233611e-10
8.637426573764168e-10
8.581283215741964e-10
8.525704905282556e-10
8.470683944451172e-10
8.416212767457854e-10
8.362283937924116e-10
8.308890146216465e-10
8.256024206841304e-10
8.203679055904972e-10
8.151847748633933e-10
8.10052345695324e-10
8.049699467122322e-10
7.999369177430094e-10
7.94952609593917e-10
7.900163838286858e-10
7.851276125536743e-10
7.80285678208168e-10
7.754899733590755e-10
7.70739900501188e-10
7.660348718611133e-10
7.613743092067536e-10
7.56757643660182e-10
7.521843155153431e-10
7.476537740601017e-10
7.431654774015709e-10
7.387188922962277e-10
7.343134939833262e-10
7.299487660222449e-10
7.256242001336242e-10
7.21339296043636e-10
7.17093561332278e-10
7.128865112833493e-10
7.087176687436628e-10
7.045865639745331e-10
7.004927345167412e-10
6.964357250537883e-10
6.924150872788134e-10
6.884303797644528e-10
6.844811678355845e-10
6.805670234449581e-10
6.766875250510639e-10
6.728422574993532e-10
6.690308119050542e-10
6.65252785539507e-10
6.615077817181132e-10
6.577954096891315e-10
6.541152845343931e-10
6.504670270529234e-10
6.468502636659971e-10
6.432646263149228e-10
6.397097523624505e-10
6.361852844968533e-10
6.326908706373233e-10
6.292261638417213e-10
6.257908222162403e-10
6.223845088268288e-10
6.190068916123262e-10
6.156576432995184e-10
6.123364413200718e-10
6.090429677287453e-10
6.057769091235995e-10
6.025379565678157e-10
5.993258055127844e-10
5.96140155723169e-10
5.929807112030368e-10
5.898471801238484e-10
5.867392747537126e-10
5.836567113877552e-10
5.805992102806073e-10
5.77566495579412e-10
5.745582952587781e-10
5.715743410564168e-10
5.686143684108305e-10
5.656781163991005e-10
5.627653276774656e-10
5.598757484209864e-10
5.570091282665518e-10
5.541652202554944e-10
5.513437807774013e-10
5.485445695162641e-10
5.457673493959125e-10
5.430118865278434e-10
5.402779501592277e-10
5.375653126224476e-10
5.348737492854245e-10
5.32203038502227e-10
5.295529615661199e-10
5.269233026617792e-10
5.243138488194523e-10
5.217243898699738e-10
5.191547183999127e-10
5.16604629708194e-10
5.140739217635099e-10
5.115623951620591e-10
5.090698530864671e-10
5.065961012652082e-10
5.041409479329595e-10
5.017042037918843e-10
4.992856819727161e-10
4.968851979978628e-10
4.945025697439524e-10
4.921376174059307e-10
4.897901634614517e-10
4.874600326356107e-10
4.851470518671439e-10
4.828510502741453e-10
4.805718591214932e-10
4.783093117880159e-10
4.760632437344091e-10
4.738334924724211e-10
4.716198975333772e-10
4.694223004383131e-10
4.672405446680922e-10
4.650744756342106e-10
4.629239406500141e-10
4.60788788902531e-10
4.5866887142465706e-10
4.565640410680422e-10
4.5447415247633754e-10
4.523990620584846e-10
4.5033862796347556e-10
4.482927100543801e-10
4.4626116988363545e-10
4.442438706684828e-10
4.42240677266735e-10
4.402514561530172e-10
4.3827607539551155e-10
4.3631440463303667e-10
4.343663150524941e-10
4.3243167936658496e-10
4.305103717920712e-10
4.286022680284318e-10
4.267072452366705e-10
4.2482518201850847e-10
4.22955958396293e-10
4.2109945579270877e-10
4.192555570110653e-10
4.17424146216001e-10
4.156051089144011e-10
4.137983319365065e-10
4.120037034176267e-10
4.1022111278002907e-10
4.08450450714854e-10
4.066916091646386e-10
4.049444813062209e-10
4.03208961533381e-10
4.014849454406059e-10
3.997723298060758e-10
3.9807101257588293e-10
3.9638089284785067e-10
3.947018708560507e-10