3.3672737571217296e-11
4.926213115330701e-10
9.617676641345696e-10
1.3358286289949936e-9
1.6131510721495475e-9
1.8103045836771718e-9
1.945091507713854e-9
2.032578384786051e-9
2.0845991574298043e-9
2.110180249677683e-9
2.1161271344482813e-9
2.1075524537133554e-9
2.0882981760679044e-9
2.0612574254159606e-9
2.02861485259899e-9
1.9920247306247394e-9
1.9527426898929457e-9
1.9117233400106207e-9
1.86969288409403e-9
1.8272033918492314e-9
1.7846735808568878e-9
1.742419629790364e-9
1.7006785887807892e-9
1.659626261195065e-9
1.6193909327180563e-9
1.5800639631926248e-9
1.5417079948881262e-9
1.5043633398366018e-9
1.4680529687027222e-9
1.4327864202255237e-9
1.398562873513833e-9
1.3653735681869607e-9
1.3332037143477253e-9
1.3020340019083221e-9
1.2718417941867407e-9
1.2426020718236402e-9
1.2142881787102932e-9
1.186872410523558e-9
1.1603264779263065e-9
1.1346218695147165e-9
1.109730134787434e-9
1.085623103025538e-9
1.0622730508543366e-9
1.0396528286961237e-9
1.0177359543040893e-9
9.964966799617103e-10
9.759100386505028e-10
9.559518734636782e-10
9.365988537204323e-10
9.178284805737454e-10
8.996190843709494e-10
8.819498155950716e-10
8.648006308659198e-10
8.481522751967296e-10
8.319862614722663e-10
8.162848479272431e-10
8.01031014251644e-10
7.862084368254615e-10
7.718014634841807e-10
7.577950881338105e-10
7.441749254669482e-10
7.309271859764874e-10
7.180386514188133e-10
7.054966508416132e-10
6.932890372641607e-10
6.814041650669734e-10
6.698308681397868e-10
6.585584388098357e-10
6.475766075665724e-10
6.368755235867387e-10
6.264457360561011e-10
6.162781762779286e-10
6.063641405534943e-10
5.966952738162185e-10
5.872635539980153e-10
5.780612771059288e-10
5.690810429825622e-10
5.603157417268527e-10
5.517585407485945e-10
5.43402872431007e-10
5.352424223756093e-10
5.272711182040035e-10
5.194831188916592e-10
5.118728046143386e-10
5.044347670549755e-10
4.971638002243384e-10
4.900548916427503e-10
4.831032140275748e-10
4.763041173099176e-10
4.696531210606123e-10
4.631459072697443e-10
4.5677831346789813e-10
4.5054632617214846e-10
4.444460746405914e-10
4.384738249200025e-10
4.3262597417195586e-10
4.2689904526345954e-10
4.2128968160885566e-10
4.1579464225040964e-10
4.1041079716563774e-10
4.0513512279004364e-10
3.999646977445115e-10
3.948966987571567e-10
3.89928396769966e-10
3.850571532210578e-10
3.8028041649387386e-10
3.7559571852506297e-10
3.710006715632471e-10
3.6649296507126933e-10
3.620703627649103e-10
3.577306997814204e-10
3.5347187997156507e-10
3.492918733092134e-10
3.451887134127953e-10
3.411604951732684e-10
3.3720537248349385e-10
3.333215560641938e-10
3.295073113819131e-10
3.257609566546367e-10
3.220808609409442e-10
3.18465442308785e-10
3.1491316608017074e-10
3.1142254314825483e-10
3.079921283634564e-10
3.0462051898545633e-10
3.0130635319804376e-10
2.9804830868395465e-10
2.9484510125697633e-10
2.9169548354873264e-10
2.8859824374769757e-10
2.855522043880908e-10
2.825562211864434e-10
2.7960918192371563e-10
2.7671000537096025e-10
2.738576402566185e-10
2.710510642736283e-10
2.68289283124618e-10
2.655713296035317e-10
2.628962627121203e-10
2.6026316680980457e-10
2.5767115079548094e-10
2.5511934731992054e-10
2.5260691202746544e-10
2.5013302282578743e-10
2.47696879182539e-10
2.452977014477743e-10
2.429347302010694e-10
2.4060722562232825e-10
2.3831446688529404e-10
2.360557515728435e-10
2.3383039511317745e-10
2.316377302360575e-10
2.2947710644829985e-10
2.2734788952766832e-10
2.2524946103462918e-10
2.2318121784101205e-10
2.2114257167507762e-10
2.1913294868229074e-10
2.1715178900118006e-10
2.1519854635370963e-10
2.1327268764958856e-10
2.1137369260398485e-10
2.095010533681295e-10
2.076542741723105e-10
2.0583287098079252e-10
2.040363711582045e-10
2.0226431314696405e-10
2.005162461554094e-10
1.9879172985572388e-10
1.9709033409256186e-10
1.9541163860029986e-10
1.9375523272983937e-10
1.9212071518411612e-10
1.9050769376208365e-10
1.8891578511085404e-10
1.8734461448570816e-10
1.8579381551768724e-10
1.8426302998849244e-10
1.8275190761243412e-10
1.8126010582517463e-10
1.797872895790305e-10
1.783331311445945e-10
1.768973099184618e-10
1.7547951223684236e-10
1.7407943119485606e-10
1.7269676647131313e-10
1.7133122415878895e-10
1.6998251659881357e-10
1.6865036222199764e-10
1.6733448539292783e-10
1.6603461625966996e-10
1.64750490607723e-10
1.6348184971827364e-10
1.6222844023060844e-10
1.6099001400854374e-10
1.5976632801073883e-10
1.5855714416476538e-10
1.5736222924480752e-10
1.5618135475287468e-10
1.5501429680341007e-10
1.538608360111868e-10
1.527207573823821e-10
1.5159385020872975e-10
1.5047990796489118e-10
1.4937872820751366e-10
1.482901124794303e-10
1.4721386621424986e-10
1.4614979864469607e-10
1.4509772271325803e-10
1.4405745498529364e-10
1.4302881556450798e-10
1.4201162801113154e-10
1.4100571926036596e-10
1.400109195468822e-10
1.3902706232755528e-10
1.3805398420814395e-10
1.3709152487155675e-10
1.3613952700802805e-10
1.351978362471444e-10
1.3426630109166456e-10
1.33344772853081e-10
1.324331055888669e-10
1.3153115604136565e-10
1.3063878357777607e-10
1.2975585013412312e-10
1.2888222015583795e-10
1.2801776054467826e-10
1.2716234060461452e-10
1.263158319891304e-10
1.2547810865207303e-10
1.2464904679532192e-10
1.2382852482220864e-10
1.2301642328988996e-10
1.22212624863359e-10
1.2141701427060294e-10
1.2062947825887473e-10
1.198499055520485e-10
1.1907818680902898e-10
1.183142145831815e-10
1.1755788328275704e-10
1.1680908913228383e-10
1.1606773013489818e-10
1.1533370603558833e-10
1.1460691828532496e-10
1.1388727000605865e-10
1.1317466595655186e-10
1.1246901249903248e-10
1.1177021756663811e-10
1.1107819063163525e-10
1.1039284267438884e-10
1.0971408615306328e-10
1.0904183497403672e-10
1.0837600446300554e-10
1.0771651133676483e-10
1.0706327367564399e-10
1.0641621089658091e-10
1.0577524372681885e-10
1.0514029417820651e-10
1.0451128552209054e-10
1.0388814226477934e-10
1.0327079012356654e-10
1.0265915600329966e-10
1.0205316797347844e-10
1.0145275524586878e-10
1.0085784815262201e-10
1.0026837812488168e-10
9.968427767187097e-11
9.910548036044306e-11
9.853192079508675e-11
9.79635345983736e-11
9.740025839183644e-11
9.68420297772667e-11
9.628878731842315e-11
9.574047052313926e-11
9.519701982581863e-11
9.465837657031193e-11
9.412448299316222e-11
9.359528220721372e-11
9.307071818556999e-11
9.255073574589706e-11
9.203528053506257e-11
9.152429901409892e-11
9.101773844348923e-11
9.051554686876092e-11
9.001767310638451e-11
8.952406672997046e-11
8.903467805675095e-11
8.854945813434856e-11
8.806835872781777e-11
8.759133230695625e-11
8.711833203387806e-11
8.664931175084467e-11
8.618422596834494e-11
8.572302985342006e-11
8.52656792182273e-11
8.481213050883666e-11
8.436234079425518e-11
8.39162677556738e-11
8.34738696759312e-11
8.303510542919052e-11
8.259993447082215e-11
8.216831682749018e-11
8.174021308743658e-11
8.131558439095825e-11
8.089439242107292e-11
8.047659939437138e-11
8.006216805204795e-11
7.965106165110908e-11
7.924324395575308e-11
7.883867922891983e-11
7.84373322240045e-11
7.803916817673203e-11
7.76441527971904e-11
7.725225226201608e-11
7.686343320673236e-11
7.647766271823396e-11
7.609490832741296e-11
7.571513800193354e-11
7.533832013913388e-11
7.496442355907091e-11
7.459341749769545e-11
7.422527160015195e-11
7.385995591421178e-11
7.349744088382244e-11
7.313769734278383e-11
7.278069650853877e-11
7.242640997608115e-11
7.207480971197718e-11
7.172586804849655e-11
7.137955767785276e-11
7.103585164655038e-11
7.06947233498346e-11
7.035614652624376e-11
7.002009525226126e-11
6.968654393706415e-11
6.935546731737026e-11
6.902684045237354e-11
6.870063871877696e-11
6.837683780591e-11
6.805541371093638e-11
6.773634273415014e-11
6.741960147434929e-11
6.71051668242999e-11
6.679301596627488e-11
6.648312636767515e-11
6.617547578185209e-11
6.58700422234641e-11
6.556680399482265e-11
6.526573966692093e-11
6.496682805912708e-11
6.467004826715316e-11
6.437537963798666e-11
6.40828017658174e-11
6.379229451048336e-11
6.350383795497411e-11
6.321741244634921e-11
6.293299855307633e-11
6.265057708392231e-11
6.237012907894214e-11
6.209163580611337e-11
6.181507875802815e-11
6.15404396486392e-11
6.126770041006365e-11
6.099684318943989e-11
6.072785034583689e-11
6.046070444721609e-11
6.019538826744483e-11
5.993188478335876e-11
5.967017717187332e-11
5.941024880714508e-11
5.915208325777749e-11
5.889566428407551e-11
5.864097583534507e-11
5.838800204723438e-11
5.8136727239124276e-11
5.7887135911556254e-11
5.7639212743705085e-11
5.7392942590893485e-11
5.714831048214532e-11
5.690530161777977e-11
5.666390136704388e-11
5.642409526578492e-11
5.6185869014158174e-11
5.594920847437301e-11
5.571409966847537e-11
5.548052877616427e-11
5.524848213264531e-11
5.5017946226517244e-11
5.478890769769117e-11
5.4561353335345666e-11
5.4335270075910985e-11
5.411064500108802e-11
5.3887465335895976e-11
5.366571844675343e-11
5.344539183958601e-11
5.3226473157968174e-11
5.300895018128906e-11
5.2792810822952136e-11
5.2578043128597403e-11
5.23646352743563e-11
5.215257556512955e-11