3.3672737571217296e-11
4.926213115330701e-10
9.617676641345699e-10
1.335828628994994e-9
1.6131510721495475e-9
1.810304583677172e-9
1.945091507713854e-9
2.032578384786051e-9
2.0845991574298047e-9
2.110180249677683e-9
2.1161271344482813e-9
2.107552453713355e-9
2.0882981760679044e-9
2.0612574254159606e-9
2.0286148525989907e-9
1.99202473062474e-9
1.9527426898929453e-9
1.9117233400106207e-9
1.869692884094029e-9
1.8272033918492314e-9
1.7846735808568878e-9
1.742419629790364e-9
1.7006785887807892e-9
1.659626261195065e-9
1.6193909327180565e-9
1.5800639631926246e-9
1.5417079948881264e-9
1.504363339836602e-9
1.4680529687027224e-9
1.4327864202255237e-9
1.3985628735138334e-9
1.3653735681869607e-9
1.3332037143477253e-9
1.3020340019083221e-9
1.2718417941867407e-9
1.2426020718236402e-9
1.2142881787102932e-9
1.186872410523558e-9
1.1603264779263065e-9
1.1346218695147163e-9
1.1097301347874335e-9
1.0856231030255384e-9
1.062273050854337e-9
1.0396528286961237e-9
1.0177359543040893e-9
9.964966799617103e-10
9.759100386505028e-10
9.559518734636782e-10
9.36598853720432e-10
9.178284805737454e-10
8.996190843709494e-10
8.819498155950714e-10
8.6480063086592e-10
8.481522751967297e-10
8.319862614722663e-10
8.162848479272431e-10
8.010310142516441e-10
7.862084368254613e-10
7.718014634841812e-10
7.577950881338105e-10
7.441749254669484e-10
7.309271859764876e-10
7.180386514188134e-10
7.054966508416131e-10
6.932890372641612e-10
6.814041650669734e-10
6.698308681397869e-10
6.585584388098361e-10
6.475766075665727e-10
6.368755235867389e-10
6.264457360561011e-10
6.162781762779286e-10
6.063641405534942e-10
5.966952738162184e-10
5.872635539980155e-10
5.780612771059291e-10
5.690810429825621e-10
5.603157417268526e-10
5.517585407485944e-10
5.434028724310071e-10
5.352424223756094e-10
5.272711182040034e-10
5.194831188916592e-10
5.118728046143383e-10
5.044347670549754e-10
4.971638002243388e-10
4.900548916427502e-10
4.831032140275748e-10
4.763041173099174e-10
4.696531210606125e-10
4.631459072697443e-10
4.567783134678982e-10
4.5054632617214856e-10
4.444460746405914e-10
4.3847382492000235e-10
4.3262597417195596e-10
4.268990452634594e-10
4.212896816088557e-10
4.1579464225040954e-10
4.1041079716563774e-10
4.051351227900437e-10
3.999646977445115e-10
3.948966987571568e-10
3.89928396769966e-10
3.8505715322105773e-10
3.8028041649387386e-10
3.75595718525063e-10
3.7100067156324707e-10
3.664929650712695e-10
3.6207036276491026e-10
3.577306997814203e-10
3.5347187997156517e-10
3.492918733092133e-10
3.451887134127953e-10
3.411604951732685e-10
3.372053724834938e-10
3.3332155606419375e-10
3.2950731138191305e-10
3.257609566546369e-10
3.2208086094094425e-10
3.1846544230878495e-10
3.1491316608017084e-10
3.1142254314825493e-10
3.079921283634565e-10
3.0462051898545643e-10
3.0130635319804397e-10
2.9804830868395475e-10
2.9484510125697607e-10
2.9169548354873254e-10
2.8859824374769757e-10
2.855522043880909e-10
2.825562211864434e-10
2.7960918192371573e-10
2.7671000537096046e-10
2.738576402566185e-10
2.710510642736282e-10
2.68289283124618e-10
2.655713296035318e-10
2.628962627121206e-10
2.602631668098047e-10
2.5767115079548083e-10
2.551193473199205e-10
2.5260691202746555e-10
2.501330228257874e-10
2.4769687918253885e-10
2.452977014477743e-10
2.4293473020106955e-10
2.4060722562232836e-10
2.3831446688529414e-10
2.360557515728435e-10
2.338303951131776e-10
2.3163773023605748e-10
2.294771064482999e-10
2.2734788952766822e-10
2.2524946103462918e-10
2.2318121784101213e-10
2.2114257167507786e-10
2.1913294868229085e-10
2.1715178900118017e-10
2.1519854635370969e-10
2.1327268764958838e-10
2.1137369260398485e-10
2.0950105336812945e-10
2.0765427417231038e-10
2.0583287098079233e-10
2.0403637115820445e-10
2.0226431314696377e-10
2.005162461554094e-10
1.9879172985572385e-10
1.970903340925618e-10
1.9541163860029991e-10
1.9375523272983924e-10
1.9212071518411617e-10
1.905076937620838e-10
1.8891578511085396e-10
1.8734461448570816e-10
1.8579381551768726e-10
1.8426302998849257e-10
1.8275190761243407e-10
1.812601058251746e-10
1.797872895790305e-10
1.7833313114459455e-10
1.768973099184618e-10
1.754795122368425e-10
1.7407943119485606e-10
1.7269676647131313e-10
1.7133122415878882e-10
1.6998251659881357e-10
1.6865036222199762e-10
1.6733448539292773e-10
1.6603461625967e-10
1.6475049060772296e-10
1.6348184971827361e-10
1.622284402306084e-10
1.6099001400854382e-10
1.597663280107388e-10
1.5855714416476536e-10
1.573622292448076e-10
1.561813547528746e-10
1.550142968034101e-10
1.5386083601118678e-10
1.5272075738238213e-10
1.515938502087297e-10
1.5047990796489128e-10
1.4937872820751355e-10
1.4829011247943019e-10
1.4721386621424978e-10
1.4614979864469623e-10
1.450977227132583e-10
1.4405745498529338e-10
1.4302881556450808e-10
1.4201162801113157e-10
1.4100571926036596e-10
1.400109195468822e-10
1.3902706232755534e-10
1.3805398420814406e-10
1.3709152487155675e-10
1.3613952700802807e-10
1.3519783624714446e-10
1.3426630109166466e-10
1.3334477285308082e-10
1.3243310558886694e-10
1.3153115604136552e-10
1.306387835777762e-10
1.297558501341233e-10
1.288822201558379e-10
1.2801776054467847e-10
1.2716234060461483e-10
1.2631583198913034e-10
1.254781086520731e-10
1.2464904679532197e-10
1.2382852482220864e-10
1.2301642328988996e-10
1.2221262486335911e-10
1.21417014270603e-10
1.2062947825887475e-10
1.1984990555204855e-10
1.1907818680902913e-10
1.1831421458318145e-10
1.1755788328275701e-10
1.1680908913228385e-10
1.1606773013489813e-10
1.1533370603558827e-10
1.1460691828532499e-10
1.138872700060586e-10
1.131746659565518e-10
1.1246901249903244e-10
1.1177021756663811e-10
1.1107819063163521e-10
1.1039284267438887e-10
1.0971408615306333e-10
1.0904183497403667e-10
1.0837600446300554e-10
1.0771651133676487e-10
1.0706327367564402e-10
1.064162108965811e-10
1.0577524372681889e-10
1.051402941782065e-10
1.0451128552209054e-10
1.0388814226477926e-10
1.0327079012356655e-10
1.0265915600329969e-10
1.0205316797347841e-10
1.014527552458688e-10
1.0085784815262201e-10
1.0026837812488172e-10
9.968427767187102e-11
9.910548036044306e-11
9.853192079508677e-11
9.79635345983736e-11
9.740025839183641e-11
9.684202977726661e-11
9.628878731842326e-11
9.574047052313923e-11
9.51970198258187e-11
9.465837657031188e-11
9.412448299316222e-11
9.359528220721378e-11
9.307071818556999e-11
9.255073574589711e-11
9.203528053506252e-11
9.1524299014099e-11
9.101773844348928e-11
9.05155468687609e-11
9.001767310638454e-11
8.952406672997046e-11
8.903467805675095e-11
8.854945813434866e-11
8.806835872781782e-11
8.75913323069562e-11
8.711833203387805e-11
8.664931175084469e-11
8.618422596834495e-11
8.572302985342006e-11
8.526567921822728e-11
8.481213050883663e-11
8.436234079425518e-11
8.391626775567372e-11
8.347386967593123e-11
8.30351054291905e-11
8.259993447082218e-11
8.216831682749021e-11
8.174021308743654e-11
8.131558439095817e-11
8.089439242107278e-11
8.047659939437134e-11
8.006216805204795e-11
7.965106165110911e-11
7.924324395575309e-11
7.883867922891986e-11
7.843733222400449e-11
7.803916817673206e-11
7.764415279719037e-11
7.725225226201602e-11
7.686343320673233e-11
7.647766271823384e-11
7.609490832741306e-11
7.571513800193349e-11
7.53383201391338e-11
7.496442355907099e-11
7.459341749769545e-11
7.4225271600152e-11
7.385995591421181e-11
7.34974408838224e-11
7.313769734278374e-11
7.278069650853867e-11
7.242640997608106e-11
7.20748097119771e-11
7.172586804849653e-11
7.137955767785282e-11
7.103585164655046e-11
7.06947233498346e-11
7.035614652624382e-11
7.002009525226123e-11
6.968654393706425e-11
6.935546731737029e-11
6.902684045237358e-11
6.870063871877704e-11
6.837683780590989e-11
6.805541371093638e-11
6.773634273415006e-11
6.741960147434926e-11
6.710516682429991e-11
6.679301596627493e-11
6.648312636767524e-11
6.617547578185198e-11
6.58700422234641e-11
6.556680399482252e-11
6.526573966692096e-11
6.496682805912706e-11
6.467004826715312e-11
6.437537963798659e-11
6.408280176581742e-11
6.379229451048328e-11
6.350383795497406e-11
6.32174124463492e-11
6.29329985530764e-11
6.265057708392223e-11
6.237012907894211e-11
6.209163580611338e-11
6.181507875802817e-11
6.154043964863925e-11
6.126770041006366e-11
6.099684318943991e-11
6.072785034583683e-11
6.046070444721615e-11
6.01953882674449e-11
5.993188478335882e-11
5.967017717187332e-11
5.941024880714499e-11
5.915208325777747e-11
5.889566428407559e-11
5.86409758353451e-11
5.838800204723444e-11
5.813672723912433e-11
5.7887135911556157e-11
5.7639212743705104e-11
5.7392942590893524e-11
5.714831048214528e-11
5.690530161777968e-11
5.666390136704384e-11
5.642409526578492e-11
5.6185869014158096e-11
5.594920847437298e-11
5.5714099668475344e-11
5.54805287761643e-11
5.524848213264534e-11
5.501794622651719e-11
5.4788907697691234e-11
5.4561353335345647e-11
5.4335270075911024e-11
5.411064500108807e-11
5.388746533589608e-11
5.3665718446753454e-11
5.344539183958609e-11
5.3226473157968084e-11
5.300895018128911e-11
5.279281082295211e-11
5.257804312859743e-11
5.236463527435637e-11
5.21525755651296e-11