1.1277571464294167e-9
2.698487655947161e-9
3.2301692463962946e-9
3.410647094394951e-9
3.414019067166306e-9
3.3227956698963333e-9
3.1820753055412416e-9
3.0178021896000798e-9
2.8451601160122254e-9
2.673008317524145e-9
2.50639839329167e-9
2.3480617186144593e-9
2.1993111299892857e-9
2.060596759881871e-9
1.931852396381157e-9
1.8127126049709184e-9
1.702649012497191e-9
1.6010555079893786e-9
1.5073009314349414e-9
1.4207609826201827e-9
1.340836834485986e-9
1.2669652623281439e-9
1.1986233992116137e-9
1.1353301354266481e-9
1.076645472579556e-9
1.0221686822083484e-9
9.71535817234608e-10
9.244169265695921e-10
8.805131929867229e-10
8.395541288397451e-10
8.012949082028758e-10
7.655138775960248e-10
7.320102640576246e-10
7.006020845692566e-10
6.7112425181341e-10
6.434268659491979e-10
6.173736793135824e-10
5.928407201000747e-10
5.697150598332509e-10
5.478937114723526e-10
5.272826443448529e-10
5.07795903843519e-10
4.893548246385868e-10
4.718873272398758e-10
4.5532728876103455e-10
4.3961397969503484e-10
4.2469155939392366e-10
4.105086237519246e-10
3.970177993192649e-10
3.8417537872763777e-10
3.719409928916967e-10
3.6027731596957805e-10
3.491497995265757e-10
3.385264327519638e-10
3.283775259403719e-10
3.1867551476628064e-10
3.093947831600327e-10
3.005115028437499e-10
2.9200348779950545e-10
2.838500621387547e-10
2.7603194000949064e-10
2.6853111632833285e-10
2.6133076725713566e-10
2.5441515946076353e-10
2.477695672862658e-10
2.413801970953166e-10
2.3523411806302293e-10
2.2931919882817791e-10
2.2362404944394856e-10
2.181379681347322e-10
2.1285089241537975e-10
2.0775335417389106e-10
2.028364383586811e-10
1.9809174494719277e-10
1.9351135390445338e-10
1.890877928686245e-10
1.8481400732600935e-10
1.806833330607719e-10
1.7668947068499282e-10
1.7282646207300045e-10
1.690886685403327e-10
1.654707506256369e-10
1.6196764932965168e-10
1.5857456870690036e-10
1.5528695972454094e-10
1.5210050522304656e-10
1.4901110592819921e-10
1.460148674610763e-10
1.4310808821791124e-10
1.4028724807836696e-10
1.375489978741918e-10
1.3489014956062785e-10
1.323076670377779e-10
1.2979865757353423e-10
1.2736036378365442e-10
1.2499015612821652e-10
1.2268552588698291e-10
1.204440785792179e-10
1.1826352779625992e-10
1.161416894176484e-10
1.1407647618390245e-10
1.1206589260114218e-10
1.1010803015465739e-10
1.0820106281028054e-10
1.0634324278404409e-10
1.0453289656202685e-10
1.027684211537227e-10
1.0104828056342819e-10
9.93710024653297e-11
9.773517506900437e-11
9.613944416301351e-11
9.458251032515267e-11
9.306312628874017e-11
9.158009445507848e-11
9.013226454291709e-11
8.87185313663825e-11
8.73378327334377e-11
8.598914745747561e-11
8.467149347515618e-11
8.338392606406593e-11
8.212553615421009e-11
8.089544872774519e-11
7.969282130173582e-11
7.851684248905714e-11
7.736673063289154e-11
7.624173251055206e-11
7.51411221026534e-11
7.406419942389721e-11
7.301028941197803e-11
7.197874087133917e-11
7.096892546871046e-11
6.998023677755309e-11
6.901208936871153e-11
6.806391794474505e-11
6.713517651553765e-11
6.622533761306689e-11
6.533389154296111e-11
6.44603456712326e-11
6.360422374406011e-11
6.276506523898634e-11
6.194242474586876e-11
6.113587137603303e-11
6.034498819817834e-11
5.956937169967068e-11
5.880863127184031e-11
5.806238871829706e-11
5.733027778479166e-11
5.661194370978899e-11
5.5907042794582287e-11
5.521524199211044e-11
5.453621851340323e-11
5.386965945091432e-11
5.321526141787427e-11
5.2572730202891874e-11
5.19417804390811e-11
5.132213528701144e-11
5.0713526130833973e-11
5.0115692286955506e-11
4.9528380724676453e-11
4.895134579823391e-11
4.838434898972014e-11
4.7827158662375634e-11
4.727954982378322e-11
4.6741303898509264e-11
4.621220850976716e-11
4.569205726969335e-11
4.5180649577851314e-11
4.4677790427598977e-11
4.418329021996794e-11
4.369696458472357e-11
4.321863420829612e-11
4.274812466827522e-11
4.2285266274190745e-11
4.182989391430458e-11
4.1381846908156557e-11
4.094096886461943e-11
4.05071075452295e-11
4.0080114732566615e-11
3.965984610347803e-11
3.9246161106936456e-11
3.8838922846346106e-11
3.843799796610703e-11
3.804325654226671e-11
3.765457197709092e-11
3.727182089739148e-11
3.689488305646224e-11
3.652364123947595e-11
3.615798117220296e-11
3.579779143291973e-11
3.544296336738037e-11
3.509339100673181e-11
3.4748970988251764e-11
3.44096024788039e-11
3.4075187100906e-11
3.37456288613004e-11
3.342083408194108e-11
3.310071133329955e-11
3.278517136989875e-11
3.247412706799571e-11
3.2167493365326545e-11
3.186518720284067e-11
3.15671274683435e-11
3.1273234941984594e-11
3.0983432243515506e-11
3.069764378125449e-11
3.041579570269742e-11
3.0137815846709595e-11
2.9863633697247e-11
2.959318033854575e-11
2.9326388411730274e-11
2.9063192072787152e-11
2.880352695185799e-11
2.8547330113801464e-11
2.829454001998105e-11
2.8045096491235656e-11
2.7798940671990653e-11
2.7556014995468162e-11
2.7316263149961302e-11
2.7079630046132814e-11
2.6846061785303448e-11
2.6615505628696283e-11
2.638790996760405e-11
2.6163224294447915e-11
2.5941399174696325e-11
2.5722386219071997e-11
2.5506138058750798e-11
2.529260831859075e-11
2.5081751591660115e-11
2.4873523415073123e-11
2.466788024707116e-11
2.446477944522498e-11
2.426417924270314e-11
2.4066038727284493e-11
2.3870317820454057e-11
2.3676977257091472e-11
2.3485978565736902e-11
2.329728404941218e-11
2.3110856766979827e-11
2.2926660515024395e-11
2.2744659810239193e-11
2.2564819872300275e-11
2.2387106607214437e-11
2.2211486591126254e-11
2.203792705456852e-11
2.1866395867142352e-11
2.1696861522616014e-11
2.1529293124426134e-11
2.1363660371569984e-11
2.1199933544878224e-11
2.103808349365607e-11
2.0878081622678505e-11
2.0719899879534832e-11
2.0563510742305e-11
2.0408887207562325e-11
2.025600277869436e-11
2.010483145452409e-11
1.9955347718233886e-11
1.9807526526572606e-11
1.966134329934578e-11
1.951677390917494e-11
1.9373794671521086e-11
1.9232382334963276e-11
1.909251407172562e-11
1.8954167468444974e-11
1.8817320517173317e-11
1.8681951606605427e-11
1.8548039513529378e-11
1.8415563394490664e-11
1.828450277766325e-11
1.8154837554924102e-11
1.8026547974125185e-11
1.7899614631554114e-11
1.7774018464581823e-11
1.7649740744491448e-11
1.7526763069480133e-11
1.740506735783407e-11
1.7284635841267166e-11
1.716545105842243e-11
1.7047495848528813e-11
1.693075334521126e-11
1.6815206970448713e-11
1.6700840428677113e-11
1.6587637701030565e-11
1.647558303972169e-11
1.636466096255317e-11
1.6254856247557997e-11
1.614615392776741e-11
1.6038539286100293e-11
1.5931997850370036e-11
1.5826515388410537e-11
1.5722077903312237e-11
1.561867162877012e-11
1.5516283024537387e-11
1.541489877198472e-11
1.5314505769758445e-11
1.5215091129541664e-11
1.5116642171907443e-11
1.5019146422268657e-11
1.49225916069183e-11
1.4826965649158066e-11
1.473225666551505e-11
1.4638452962042804e-11
1.454554303070319e-11
1.4453515545830474e-11
1.4362359360672898e-11
1.4272063504010009e-11
1.4182617176845313e-11
1.4094009749171825e-11
1.4006230756804849e-11
1.3919269898290372e-11
1.3833117031872735e-11
1.3747762172534576e-11
1.3663195489097104e-11
1.3579407301382158e-11
1.3496388077439887e-11
1.3414128430828907e-11
1.333261911796036e-11
1.3251851035494483e-11
1.3171815217795294e-11
1.3092502834436916e-11
1.3013905187761854e-11
1.2936013710495014e-11
1.2858819963401625e-11
1.2782315632997531e-11
1.2706492529308352e-11
1.2631342583670966e-11
1.2556857846583647e-11
1.248303048560064e-11
1.24098527832677e-11
1.233731713510332e-11
1.2265416047616423e-11
1.219414213637025e-11
1.2123488124081673e-11
1.2053446838759825e-11
1.1984011211881802e-11
1.19151742766083e-11
1.1846929166030553e-11
1.1779269111455322e-11
1.171218744072441e-11
1.1645677576563932e-11
1.1579733034972787e-11
1.1514347423636246e-11
1.1449514440375447e-11
1.1385227871626237e-11
1.1321481590946933e-11
1.1258269557555789e-11
1.1195585814898504e-11
1.1133424489240987e-11
1.1071779788291915e-11
1.1010645999850103e-11
1.0950017490479156e-11
1.0889888704208252e-11
1.0830254161254843e-11
1.0771108456775503e-11
1.0712446259639604e-11
1.0654262311223369e-11
1.0596551424231916e-11
1.0539308481539501e-11
1.0482528435053518e-11
1.0426206304599823e-11
1.0370337176828267e-11
1.0314916204139862e-11
1.025993860363263e-11
1.0205399656068648e-11
1.01512946925952e-11
1.0097619155067101e-11
1.0044368472434657e-11
9.991538182418246e-12
9.939123869250855e-12
9.887121175015819e-12
9.835525798739545e-12
9.784333495502239e-12
9.733540075561118e-12
9.683141403493008e-12
9.633133397351108e-12
9.58351202783576e-12
9.534273317483845e-12
9.48541333986761e-12
9.436928218812998e-12
9.388814127627222e-12
9.341067288344906e-12
9.293683970983346e-12
9.246660492813243e-12
9.199993217642748e-12
9.153678555111599e-12
9.107712960001736e-12
9.062092931555716e-12
9.016815012809787e-12
8.971875789938528e-12
8.927271891608555e-12
8.882999988347299e-12
8.839056791919858e-12
8.795439054715841e-12
8.752143569150711e-12
8.709167167073852e-12
8.666506719188636e-12
8.62415913448111e-12
8.582121359659233e-12
8.540390378603356e-12
8.49896321182074e-12
8.457836915917001e-12