6.854571148477801e-11
6.904607522144519e-11
7.054749002351308e-11
7.305092714957981e-11
7.655800697288511e-11
8.107100139787742e-11
8.659283724982492e-11
9.312710064391648e-11
1.0067804234218022e-10
1.0925058410846287e-10
1.1885032607366243e-10
1.2948355512540561e-10
1.4115725433841185e-10
1.5387911346389508e-10
1.6765754049853798e-10
1.8250167435582794e-10
1.984213986648909e-10
2.1542735672439685e-10
2.335309676416573e-10
2.527444436896942e-10
2.7308080891784845e-10
2.945539190544208e-10
3.1717848274290655e-10
3.4097008415663677e-10
3.659452070400354e-10
3.9212126022832135e-10
4.19516604701289e-10
4.481505822308398e-10
4.780435456862121e-10
5.092168910654023e-10
5.416930913260803e-10
5.754957320944347e-10
6.106495493358369e-10
6.471804690770068e-10
6.851156492755721e-10
7.244835239394911e-10
7.653138496058697e-10
8.076377542962206e-10
8.514877890732587e-10
8.968979823329216e-10
9.439038969745183e-10
9.925426906017703e-10
1.0428531789180528e-9
1.0948759024904992e-9
1.1486531970697726e-9
1.2042292676653428e-9
1.2616502665901386e-9
1.3209643757035065e-9
1.3822218930975914e-9
1.4454753244896904e-9
1.5107794796019146e-9
1.5781915738296834e-9
1.647771335522408e-9
1.719581119223189e-9
1.7936860252397718e-9
1.8701540259463834e-9
1.949056099245685e-9
2.0304663696521293e-9
2.1144622574926273e-9
2.201124636757966e-9
2.2905380021790713e-9
2.3827906461462693e-9
2.47797484613751e-9
2.5761870633734143e-9
2.6775281534734325e-9
2.7821035899486323e-9
2.8900237014334087e-9
3.001403923630933e-9
3.1163650670263364e-9
3.2350336015078544e-9
3.3575419591302357e-9
3.4840288563575895e-9
3.614639637235056e-9
3.749526639061667e-9
3.8888495822711555e-9
4.032775986374843e-9
4.181481613982341e-9
4.335150945093021e-9
4.493977684046022e-9
4.658165301730664e-9
4.8279276158947225e-9
5.003489412647535e-9
5.1850871125409815e-9
5.372969484927128e-9
5.567398414640055e-9
5.768649725434903e-9
5.977014065044201e-9
6.192797857184235e-9
6.416324326368906e-9
6.647934601971014e-9
6.887988908618381e-9
7.136867850732839e-9
7.394973799823104e-9
7.662732394038178e-9
7.94059416048827e-9
8.229036271958927e-9
8.528564450896636e-9
8.83971503494824e-9
9.163057219913153e-9
9.499195497739298e-9
9.848772309188633e-9
1.0212470933046857e-8
1.0591018636290691e-8
1.0985190112496351e-8
1.139581123902326e-8
1.182376318719294e-8
1.2269986923870613e-8
1.2735488147621026e-8
1.322134270804061e-8
1.3728702563067552e-8
1.4258802336162385e-8
1.481296654337711e-8
1.5392617569658944e-8
1.5999284484463688e-8
1.663461279912014e-8
1.7300375282667745e-8
1.799848396941769e-8
1.8731003510657372e-8
1.9500166045201102e-8
2.0308387789452845e-8
2.1158287577967087e-8
2.2052707620992023e-8
2.2994736787143162e-8
2.3987736768383736e-8
2.5035371542340024e-8
2.6141640615430907e-8
2.7310916611520388e-8
2.85479878674793e-8
2.985810681246636e-8
3.1247045045980766e-8
3.2721156195865744e-8
3.4287447837762246e-8
3.595366399993337e-8
3.772838007183807e-8
3.962111229388418e-8
4.164244444536925e-8
4.3804174888037106e-8
4.611948778998323e-8
4.8603153182376055e-8
5.1271761533091485e-8
5.4143999813512003e-8
5.7240977661640946e-8
6.058661430423393e-8
6.42080995228323e-8
6.813644530715975e-8
7.240714916829505e-8
7.706099570082433e-8
8.214503032199726e-8
8.771374877564365e-8
9.383055880263499e-8
1.0056958751873684e-7
1.0801793116582189e-7
1.1627847539536678e-7
1.254734575577159e-7
1.3574900267525153e-7
1.4728094940602814e-7
1.6028240270824134e-7
1.7501362345140817e-7
1.9179511884498017e-7
2.1102517385428672e-7
2.3320363126093566e-7
2.589645991378036e-7
2.891221277942839e-7
3.2473507741895437e-7
3.672009630367317e-7
4.1839454886747684e-7
4.808773038789482e-7
5.582222720269402e-7
6.55533007758906e-7
7.803008945621077e-7
9.438776709293001e-7
1.1641221611044862e-6
1.4704200804540464e-6
1.9138386726878563e-6
2.5893502688714997e-6
3.689464979396492e-6
5.650671830461178e-6
9.620301495953553e-6
0.00001920752675694497
0.000044527685015513845
9.97724346585177e-7
0.000044527685015513845