3.550850484840442e-11
3.550565779377599e-11
3.549711822107776e-11
3.548289090253493e-11
3.5462983787404194e-11
3.54374079953009e-11
3.540617780686765e-11
3.536931065179465e-11
3.532682709420497e-11
3.527875081542149e-11
3.5225108594134363e-11
3.516593028399137e-11
3.510124878863604e-11
3.503110003422158e-11
3.4955522939431e-11
3.48745593830375e-11
3.478825416904056e-11
3.469665498941739e-11
3.459981238453098e-11
3.4497779701239e-11
3.439061304875049e-11
3.427837125227972e-11
3.4161115804548666e-11
3.4038910815193005e-11
3.3911822958127505e-11
3.377992141693012e-11
3.364327782830593e-11
3.350196622369404e-11
3.3356062969082875e-11
3.320564670310162e-11
3.3050798273456734e-11
3.2891600671785295e-11
3.2728138966998245e-11
3.2560500237188076e-11
3.238877350017804e-11
3.221304964279093e-11
3.203342134891677e-11
3.184998302646112e-11
3.166283073325624e-11
3.1472062102018864e-11
3.1277776264439874e-11
3.10800737744919e-11
3.0879056531042165e-11
3.067482769985855e-11
3.046749163509868e-11
3.0257153800371164e-11
3.0043920689460464e-11
2.982789974680632e-11
2.960919928783031e-11
2.938792841920165e-11
2.9164196959135797e-11
2.8938115357819275e-11
2.870979461805465e-11
2.8479346216220064e-11
2.8246882023637816e-11
2.8012514228446993e-11
2.7776355258075022e-11
2.7538517702403338e-11
2.7299114237722917e-11
2.705825755157486e-11
2.6816060268571675e-11
2.65726348772955e-11
2.632809365836881e-11
2.608254861379401e-11
2.583611139765832e-11
2.5588893248300475e-11
2.53410049220365e-11
2.5092556628541747e-11
2.48436579679875e-11
2.459441787003053e-11
2.434494453475529e-11
2.4095345375669016e-11
2.3845726964851567e-11
2.3596194980362986e-11
2.3346854156013523e-11
2.309780823360282e-11
2.2849159917737628e-11
2.2601010833339473e-11
2.23534614859576e-11
2.210661122500596e-11
2.1860558210046802e-11
2.16153993802494e-11
2.137123042715698e-11
2.1128145770902143e-11
2.088623854001825e-11
2.06456005550024e-11
2.0406322315796055e-11
2.016849299335938e-11
1.9932200425528348e-11
1.969753111735824e-11
1.946457024617206e-11
1.9233401671552034e-11
1.900410795053197e-11
1.8776770358272317e-11
1.8551468914526265e-11
1.832828241623518e-11
1.8107288476626275e-11
1.7888563571223863e-11
1.7672183091229994e-11
1.7458221404780003e-11
1.7246751926635798e-11
1.7037847196944138e-11
1.6831578969761003e-11
1.662801831212733e-11
1.642723571457713e-11
1.6229301214068328e-11
1.6034284530452687e-11
1.584225521774374e-11
1.5653282831607192e-11
1.5467437114686992e-11
1.528478820159802e-11
1.510540684566765e-11
1.4929364669798155e-11
1.475673444415753e-11
1.458759039379567e-11
1.4422008539734331e-11
1.4260067077606378e-11
1.4101846798534174e-11
1.3947431557655354e-11
1.37969087965478e-11
1.3650370126796866e-11
1.3507911983115758e-11
1.3369636355812214e-11
1.3235651614031345e-11
1.310607343315215e-11
1.2981025842036914e-11
1.2860642408611775e-11
1.2745067585591755e-11
1.2634458242182173e-11
1.2528985412445664e-11
1.2428836296920078e-11
1.2334216561252536e-11
1.2245352984401127e-11
1.21624965197447e-11
1.2085925845755585e-11
1.2015951499391126e-11
1.1952920705912542e-11
1.1897223044565566e-11
1.1849297121929327e-11
1.180963846570017e-11
1.1778808903804554e-11
1.175744776047609e-11
1.1746285286931688e-11
1.1746158855841977e-11
1.1758032594532157e-11
1.1783021323668482e-11
1.1822419922640769e-11
1.1877739583209698e-11
1.1950752872275833e-11
1.2043550150200479e-11
1.2158610751658792e-11
1.2298893532325304e-11
1.2467953066564642e-11
1.267009017432132e-11
1.2910548904191514e-11
1.3195777138818221e-11
1.3533775461221452e-11
1.3934570179171822e-11
1.4410863661474151e-11
1.4978942087650655e-11
1.565996365254364e-11
1.648182021538165e-11
1.7481882106884622e-11
1.87111358164374e-11
2.0240577163882587e-11
2.2171365677151617e-11
2.4651461105590956e-11
2.790385431454926e-11
3.227643146851882e-11
3.833420579071856e-11
4.70393124952008e-11
6.012516393847088e-11
8.093511427857374e-11
1.16482895233441e-10
1.831269024418499e-10
3.2466018337852597e-10
6.824223328802892e-10
1.8531844131859866e-9
7.666831693706875e-9
6.74227926152087e-8
6.501173180372799e-7
6.74227926152087e-8