1.923244754977776e-11
1.9462628751048242e-11
2.0153315437836592e-11
2.1304937041210355e-11
2.2918209887147953e-11
2.4994138109270685e-11
2.753401492953997e-11
3.053942430980308e-11
3.401224297791194e-11
3.7954642832992726e-11
4.2369093735312646e-11
4.7258366687078286e-11
5.262553741140828e-11
5.84739903376582e-11
6.480742300223672e-11
7.162985087504764e-11
7.894561262272004e-11
8.675937582085908e-11
9.507614312866024e-11
1.0390125894038988e-10
1.1324041652944546e-10
1.2309966570197698e-10
1.3348542097837746e-10
1.4440447032235225e-10
1.5586398443873796e-10
1.678715266627955e-10
1.804350634653315e-10
1.935629755997264e-10
2.0726406991877415e-10
2.215475918911698e-10
2.364232388495272e-10
2.519011740039888e-10
2.679920412577913e-10
2.847069808636152e-10
3.020576459621529e-10
3.2005622004712065e-10
3.387154354039031e-10
3.580485925721926e-10
3.780695808863607e-10
3.9879290015092093e-10
4.2023368351230474e-10
4.4240772159230526e-10
4.653314879529785e-10
4.890221659675362e-10
5.134976771768588e-10
5.387767112167067e-10
5.648787574065902e-10
5.918241380975447e-10
6.196340438828429e-10
6.483305707829533e-10
6.779367595239057e-10
7.084766370366801e-10
7.399752603143201e-10
7.724587627733288e-10
8.059544032764729e-10
8.404906179855921e-10
8.760970752253653e-10
9.128047335523674e-10
9.506459032382261e-10
9.896543113913496e-10
1.0298651709586695e-9
1.071315253867266e-9
1.1140429685856878e-9
1.1580884424064737e-9
1.203493608774922e-9
1.2503023000147691e-9
1.29856034582929e-9
1.348315677986653e-9
1.3996184416314389e-9
1.4525211137002186e-9
1.5070786289584574e-9
1.5633485142189083e-9
1.6213910313486272e-9
1.681269329723046e-9
1.7430496088417513e-9
1.8068012918822035e-9
1.8725972110350996e-9
1.9405138055392356e-9
2.0106313334150785e-9
2.083034097985764e-9
2.157810690372706e-9
2.235054249261467e-9
2.314862739353141e-9
2.3973392500484435e-9
2.482592316057532e-9
2.57073626178971e-9
2.661891571555692e-9
2.756185287812738e-9
2.8537514399023098e-9
2.9547315059734578e-9
3.0592749110557857e-9
3.167539564547266e-9
3.279692440717729e-9
3.395910206203504e-9
3.5163798988868814e-9
3.641299663021771e-9
3.770879545990802e-9
3.905342362666123e-9
4.044924634005437e-9
4.189877607255779e-9
4.340468365971698e-9
4.4969810389948205e-9
4.659718118603453e-9
4.829001899241005e-9
5.005176049591325e-9
5.188607332310268e-9
5.379687487473995e-9
5.5788352977966476e-9
5.786498855940886e-9
6.0031580568373575e-9
6.229327340894298e-9
6.465558717376404e-9
6.712445101132843e-9
6.9706240003408126e-9
7.240781598102499e-9
7.523657276705009e-9
7.820048640264643e-9
8.130817099493178e-9
8.456894091641946e-9
8.799288019536814e-9
9.159092006296329e-9
9.537492577169765e-9
9.935779397355002e-9
1.0355356215158419e-8
1.0797753184051591e-8
1.1264640765804269e-8
1.1757845450841555e-8
1.227936757240162e-8
1.2831401539338117e-8
1.341635887022126e-8
1.4036894480862376e-8
1.469593676115601e-8
1.5396722078509144e-8
1.6142834468262605e-8
1.6938251421657646e-8
1.7787396865721905e-8
1.869520265544106e-8
1.9667180177633425e-8
2.0709504012085326e-8
2.1829110026908273e-8
2.3033810825428494e-8
2.4332432142249953e-8
2.573497464738851e-8
2.7252806713908594e-8
2.8898895108969375e-8
3.068808237844979e-8
3.263742204412393e-8
3.476658580126947e-8
3.7098360944045895e-8
3.965926160447446e-8
4.248028455795576e-8
4.559785001856866e-8
4.9054981016887265e-8
5.290279306599047e-8
5.7202390997209126e-8
6.20273052362799e-8
6.746665013982781e-8
7.362925957927197e-8
8.064916101704452e-8
8.869290667586296e-8
9.796951770542037e-8
1.0874416151904934e-7
1.213572525476766e-7
1.3625157790170524e-7
1.5401154032831867e-7
1.7542111370857867e-7
2.0155142990989433e-7
2.3389662717625672e-7
2.745908477175776e-7
3.267667300995291e-7
3.9517114706792907e-7
4.872719218395671e-7
6.153567917258521e-7
8.007793161980574e-7
1.0832507321227201e-6
1.5432628285309147e-6
2.363305780223553e-6
4.022991295789772e-6
8.03041790434866e-6
0.000018600007174085532
2.1056309214905116e-7
0.000018600007174085532