9.896804212216212e-12
9.896834091906232e-12
9.896923731229486e-12
9.897073130960785e-12
9.89728229244251e-12
9.89755121766113e-12
9.897879909354484e-12
9.898268371149982e-12
9.898716607733772e-12
9.89922462505116e-12
9.899792430538506e-12
9.900420033386862e-12
9.901107444837634e-12
9.901854678510722e-12
9.90266175076543e-12
9.903528681094681e-12
9.904455492552963e-12
9.905442212218663e-12
9.906488871691235e-12
9.907595507623982e-12
9.908762162293147e-12
9.909988884204016e-12
9.911275728734965e-12
9.912622758820327e-12
9.914030045673047e-12
9.915497669548207e-12
9.917025720548619e-12
9.918614299473596e-12
9.920263518712362e-12
9.921973503183505e-12
9.923744391321944e-12
9.925576336115157e-12
9.927469506190403e-12
9.929424086954851e-12
9.93144028179069e-12
9.933518313307409e-12
9.935658424653631e-12
9.93786088089098e-12
9.940125970432797e-12
9.942454006550584e-12
9.944845328951238e-12
9.947300305428627e-12
9.949819333592906e-12
9.952402842681563e-12
9.955051295456392e-12
9.95776519019076e-12
9.960545062751973e-12
9.963391488783977e-12
9.966305085995845e-12
9.969286516561956e-12
9.972336489640335e-12
9.97545576401594e-12
9.978645150876277e-12
9.981905516727316e-12
9.985237786458098e-12
9.988642946563397e-12
9.992122048534137e-12
9.995676212426238e-12
9.999306630619459e-12
1.0003014571778334e-11
1.0006801385028808e-11
1.0010668504364603e-11
1.001461745329908e-11
1.0018649849779111e-11
1.0022767411379145e-11
1.00269719607949e-11
1.0031265431657842e-11
1.0035649874693258e-11
1.0040127464246633e-11
1.0044700505205122e-11
1.0049371440343128e-11
1.0054142858123464e-11
1.0059017500988226e-11
1.0063998274176534e-11
1.0069088255109389e-11
1.0074290703385478e-11
1.0079609071435721e-11
1.0085047015888386e-11
1.0090608409701518e-11
1.009629735512436e-11
1.0102118197555285e-11
1.0108075540369804e-11
1.0114174260799271e-11
1.0120419526948478e-11
1.0126816816048596e-11
1.0133371934051468e-11
1.0140091036681333e-11
1.014698065207168e-11
1.0154047705127519e-11
1.0161299543767523e-11
1.0168743967216224e-11
1.0176389256533837e-11
1.0184244207591014e-11
1.0192318166717457e-11
1.0200621069277833e-11
1.0209163481455618e-11
1.0217956645556395e-11
1.0227012529176108e-11
1.0236343878618859e-11
1.0245964276992075e-11
1.02558882074561e-11
1.0266131122160567e-11
1.027670951746281e-11
1.0287641016094199e-11
1.0298944457021265e-11
1.0310639993839567e-11
1.0322749202642773e-11
1.033529520042792e-11
1.0348302775233711e-11
1.0361798529363748e-11
1.0375811037224744e-11
1.0390371019513948e-11
1.0405511535725666e-11
1.0421268197217579e-11
1.043767940339171e-11
1.0454786603907502e-11
1.0472634590266544e-11
1.0491271820598548e-11
1.051075078205034e-11
1.0531128395848284e-11
1.0552466470888088e-11
1.0574832212626896e-11
1.0598298795137409e-11
1.0622946005465655e-11
1.0648860970953005e-11
1.0676138981988014e-11
1.0704884424805804e-11
1.0735211841526362e-11
1.0767247137711415e-11
1.0801128961438557e-11
1.0837010282384878e-11
1.0875060204863551e-11
1.0915466055394472e-11
1.0958435793505106e-11
1.1004200804421913e-11
1.1053019144600234e-11
1.1105179326263471e-11
1.1161004746072703e-11
1.1220858886757256e-11
1.1285151450355927e-11
1.1354345619430603e-11
1.1428966690584393e-11
1.1509612386007214e-11
1.1596965227843604e-11
1.1691807462709595e-11
1.1795039157588068e-11
1.1907700264521165e-11
1.203099768519787e-11
1.2166338679081148e-11
1.2315372380504014e-11
1.2480041764794474e-11
1.2662649194310937e-11
1.2865939775424266e-11
1.3093208305724667e-11
1.3348437796654844e-11
1.363648074175107e-11
1.3963298965412002e-11
1.4336284825284546e-11
1.4764697034607676e-11
1.5260260530913025e-11
1.5838005200499096e-11
1.651745900671219e-11
1.7324378018311577e-11
1.8293308757589403e-11
1.947147432792956e-11
2.092482719829792e-11
2.2747764453375646e-11
2.5079264387217453e-11
2.8130760968678645e-11
3.2236529619365684e-11
3.794972402513525e-11
4.623727121144553e-11
5.890628862833025e-11
7.962680173507372e-11
1.1668257673269807e-10
1.915440683172038e-10
3.713924474675581e-10
9.31928737162242e-10
3.5995860120457953e-9
3.0181941287238107e-8
2.8607163928778594e-7
3.0181941287238107e-8