9.69973453976368e-12
9.699763858448914e-12
9.699851814736088e-12
9.699998409334685e-12
9.700203643477182e-12
9.700467518994147e-12
9.700790038419492e-12
9.701171205126008e-12
9.701611023491332e-12
9.702109499094532e-12
9.702666638943593e-12
9.703282451734006e-12
9.70395694813884e-12
9.704690141130542e-12
9.70548204633502e-12
9.706332682418312e-12
9.70724207150636e-12
9.708210239638486e-12
9.709237217255069e-12
9.710323039720147e-12
9.711467747879586e-12
9.712671388655604e-12
9.713934015678451e-12
9.715255689956196e-12
9.71663648058352e-12
9.71807646549058e-12
9.719575732233101e-12
9.721134378824878e-12
9.722752514613967e-12
9.724430261204048e-12
9.726167753422408e-12
9.727965140336147e-12
9.729822586318469e-12
9.731740272166753e-12
9.7337183962746e-12
9.735757175859884e-12
9.737856848251179e-12
9.740017672235032e-12
9.742239929466791e-12
9.74452392594778e-12
9.746869993571961e-12
9.749278491745375e-12
9.751749809081799e-12
9.754284365178604e-12
9.756882612476716e-12
9.759545038209131e-12
9.762272166442692e-12
9.765064560218109e-12
9.767922823793744e-12
9.770847604998834e-12
9.773839597702526e-12
9.776899544405409e-12
9.78002823896068e-12
9.783226529432865e-12
9.786495321102262e-12
9.789835579624294e-12
9.793248334353252e-12
9.796734681840969e-12
9.80029578952162e-12
9.8039328995947e-12
9.807647333119299e-12
9.811440494333584e-12
9.815313875214907e-12
9.819269060296621e-12
9.82330773175961e-12
9.827431674817385e-12
9.831642783415631e-12
9.83594306626847e-12
9.840334653255716e-12
9.84481980220731e-12
9.849400906103483e-12
9.85408050072132e-12
9.858861272761412e-12
9.863746068490727e-12
9.86873790294143e-12
9.873839969708422e-12
9.879055651392481e-12
9.88438853073987e-12
9.88984240253393e-12
9.895421286299177e-12
9.901129439884035e-12
9.906971373994367e-12
9.91295186775675e-12
9.919075985397948e-12
9.925349094135173e-12
9.931776883380957e-12
9.938365385376461e-12
9.945120997378346e-12
9.952050505536725e-12
9.959161110615534e-12
9.966460455722188e-12
9.973956656230302e-12
9.981658332098684e-12
9.989574642810955e-12
9.997715325184223e-12
1.0006090734321883e-11
1.0014711888015696e-11
1.0023590514936072e-11
1.0032739106987209e-11
1.0042170976246594e-11
1.0051900316956277e-11
1.0061942273087865e-11
1.0072313012064447e-11
1.0083029805292263e-11
1.009411111623403e-11
1.0105576696845179e-11
1.0117447693296825e-11
1.0129746762025286e-11
1.014249819728107e-11
1.0155728071502615e-11
1.0169464390014035e-11
1.0183737261746948e-11
1.0198579087916754e-11
1.0214024770849759e-11
1.0230111945464972e-11
1.0246881236270131e-11
1.0264376543144892e-11
1.0282645359664803e-11
1.0301739128280047e-11
1.03217136373186e-11
1.0342629465551311e-11
1.0364552480958866e-11
1.0387554401404211e-11
1.0411713426170015e-11
1.0437114948809702e-11
1.0463852363529689e-11
1.049202797942958e-11
1.0521754059449796e-11
1.0553154003902745e-11
1.0586363702108661e-11
1.0621533080061652e-11
1.065882787739389e-11
1.069843169341176e-11
1.0740548349931182e-11
1.0785404628405399e-11
1.0833253450881575e-11
1.0884377589242294e-11
1.0939094005762126e-11
1.0997758951245908e-11
1.1060773976242285e-11
1.1128593047787423e-11
1.1201731011149285e-11
1.1280773696213168e-11
1.1366390045646825e-11
1.1459346742476026e-11
1.156052594593985e-11
1.1670946917178324e-11
1.1791792545334851e-11
1.1924442090984479e-11
1.207051187719065e-11
1.2231906221690995e-11
1.2410881678799147e-11
1.261012873787489e-11
1.2832876642650181e-11
1.3083029157731957e-11
1.3365342230209131e-11
1.3685659066214066e-11
1.4051224942407308e-11
1.4471114356816598e-11
1.495681896197156e-11
1.5523069601235006e-11
1.6189005697235494e-11
1.6979870857427336e-11
1.7929524238251575e-11
1.908424934855895e-11
2.0508686398191576e-11
2.2295354236596147e-11
2.4580465862405063e-11
2.7571248241682986e-11
3.1595325499552733e-11
3.719484475555276e-11
4.531749306975134e-11
5.7734429368181414e-11
7.80426510526104e-11
1.1436108761762421e-10
1.8773295281248118e-10
3.6400256151547803e-10
9.133846229456056e-10
3.5279566862674797e-9
2.958132760934903e-8
2.803788349705162e-7
2.958132760934903e-8