0.
5.83852278387182e-18
2.4758438901796718e-17
6.117779515978075e-17
1.2314335080285747e-16
2.233556102455447e-16
3.8060389354940653e-16
6.216114760766594e-16
9.83290847430137e-16
1.5154091657906432e-15
2.2836640187575494e-15
3.3731696474917363e-15
4.892353849091219e-15
6.9772658444802825e-15
9.796295487491632e-15
1.3555304297151785e-14
1.8503168921388393e-14
2.493773778847938e-14
3.3212201874651074e-14
4.374188071448447e-14
5.701142500748185e-14
7.358243743165977e-14
9.410151356586693e-14
1.193087051493082e-13
1.500464082722446e-13
1.872686794989754e-13
2.320509833760673e-13
2.8560037527867245e-13
3.492661240991452e-13
4.2455077988874777e-13
5.131216922289744e-13
6.168229858381452e-13
7.376880007159432e-13
8.779522049983452e-13
1.0400665896430932e-12
1.22671155509706e-12
1.440811301217602e-12
1.6855487329366783e-12
1.964380895476182e-12
2.281054954353009e-12
2.6396247369611737e-12
3.044467854194364e-12
3.5003034223854233e-12
4.012210407799634e-12
4.5856466180375614e-12
5.2264683669927886e-12
5.9409508424833594e-12
6.735809208347962e-12
7.61822047568363e-12
8.595846181019377e-12
9.676855912587502e-12
1.0869951729491973e-11
1.218439352250423e-11
1.3630025369463979e-11
1.521730294285518e-11
1.6957322032091852e-11
1.886184824841947e-11
2.0943347986148885e-11
2.3215020720231274e-11
2.569083272699538e-11
2.8385552322251526e-11
3.131478671896941e-11
3.4495020615419414e-11
3.794365663408658e-11
4.167905774190133e-11
4.572059179344608e-11
5.0088678350888967e-11
5.480483794754991e-11
5.989174397632556e-11
6.537327739981197e-11
7.127458449597762e-11
7.762213787181626e-11
8.44438009976913e-11
9.176889653725673e-11
9.962827877209094e-11
1.08054410446736e-10
1.1708144438893306e-10
1.267453102917573e-10
1.3708380707938909e-10
1.4813670131675234e-10
1.5994583216558465e-10
1.7255522343610413e-10
1.860112033347932e-10
2.0036253256546104e-10
2.156605415032808e-10
2.3195927723062414e-10
2.4931566129999155e-10
2.6778965917404005e-10
2.874444623866406e-10
3.0834668457315096e-10
3.305665726339608e-10
3.541782344242777e-10
3.7925988450671244e-10
4.0589410966338825e-10
4.3416815604309917e-10
4.6417424001900786e-10
4.960098850561644e-10
5.297782871390471e-10
5.655887115909121e-10
6.035569244332773e-10
6.438056617901378e-10
6.864651412430678e-10
7.31673619496683e-10
7.795780012264161e-10
8.30334504560786e-10
8.841093893084137e-10
9.410797547874374e-10
1.001434414965421e-9
1.065374859587037e-9
1.1331163110733287e-9
1.2048888882418892e-9
1.2809388893473739e-9
1.361530208606452e-9
1.4469459022859703e-9
1.537489922639867e-9
1.6334890405287653e-9
1.7352949805055403e-9
1.8432867955708397e-9
1.9578735127787413e-9
2.0794970855055085e-9
2.2086356936047182e-9
2.3458074390061817e-9
2.4915744917503417e-9
2.646547750198278e-9
2.8113920894799707e-9
2.986832284457625e-9
3.173659707974628e-9
3.372739922411218e-9
3.5850213031630986e-9
3.811544857326037e-9
4.053455430511583e-9
4.312014530462398e-9
4.588615039390926e-9
4.884798139505333e-9
5.202272840252385e-9
5.542938574240606e-9
5.9089114252342795e-9
6.302554670675374e-9
6.726514468883046e-9
7.183761705152903e-9
7.677641241536248e-9
8.211930105365145e-9
8.790906519072187e-9
9.419432141725708e-9
1.0103050491965946e-8
1.0848105294433678e-8
1.166188349397372e-8
1.2552788991342366e-8
1.3530554877705778e-8
1.4606504231581458e-8
1.5793872599935488e-8
1.7108209411270264e-8
1.856788118768428e-8
2.019470715128531e-8
2.2014768562322404e-8
2.40594482261299e-8
2.6366778088806626e-8
2.8983203804176777e-8
3.196592040671836e-8
3.538600036466568e-8
3.933263653827843e-8
4.3918977990722366e-8
4.9290279832057973e-8
5.563547707402516e-8
6.320392858592675e-8
7.233014511504271e-8
8.347116002317882e-8
9.726449148068513e-8
1.1462072780968953e-7
1.3687648243063225e-7
1.6605710267137426e-7
2.0534885114779717e-7
2.5999441293480796e-7
3.3910433172060587e-7
4.596210472341912e-7
6.558842219436105e-7
1.0057427455239254e-6
1.7137649979031357e-6
3.422936781049565e-6
7.924918389875112e-6
0.
7.924918389875112e-6