6.703688696269255e-11
6.752668168673996e-11
6.89963829286994e-11
7.144694237117445e-11
7.487994772990656e-11
7.92976251240151e-11
8.470284240061937e-11
9.109911342015681e-11
9.849060331055505e-11
1.0688213470029047e-10
1.1627919494227818e-10
1.266879443424941e-10
1.3811522540923873e-10
1.5056857314102075e-10
1.6405622637317427e-10
1.7858714020553544e-10
1.9417099953580195e-10
2.108182337255863e-10
2.2854003242867065e-10
2.4734836261357616e-10
2.67255986815289e-10
2.8827648265385576e-10
3.1042426366056347e-10
3.3371460145560844e-10
3.581636493244823e-10
3.837884672438576e-10
4.1060704841147246e-10
4.3863834733848655e-10
4.679023095669523e-10
4.984199030795164e-10
5.302131514731675e-10
5.633051689738866e-10
5.977201973743866e-10
6.33483644982827e-10
6.706221276764483e-10
7.09163512160544e-10
7.491369615400874e-10
7.905729833187045e-10
8.335034799475792e-10
8.779618020552813e-10
9.239828044985598e-10
9.71602905383787e-10
1.020860148219094e-9
1.0717942673683496e-9
1.124446756990043e-9
1.1788609436569064e-9
1.235082062865855e-9
1.2931573396626049e-9
1.3531360736211556e-9
1.4150697284354702e-9
1.479012026399016e-9
1.5450190480677088e-9
1.613149337423117e-9
1.683464012875838e-9
1.7560268844738528e-9
1.8309045777075102e-9
1.9081666643317853e-9
1.9878858006579156e-9
2.0701378738004117e-9
2.1550021564022547e-9
2.24256147040091e-9
2.3329023604409917e-9
2.426115277586265e-9
2.5222947740345403e-9
2.621539709594303e-9
2.723953470741967e-9
2.82964420314404e-9
2.9387250585996272e-9
3.05131445743625e-9
3.1675363674765054e-9
3.287520600785286e-9
3.41140312950809e-9
3.539326422221002e-9
3.671439802333305e-9
3.807899830215604e-9
3.948870710870617e-9
4.09452472912225e-9
4.245042714472268e-9
4.400614537964806e-9
4.561439643608781e-9
4.727727617139188e-9
4.899698795152635e-9
5.077584917932776e-9
5.261629829590902e-9
5.4520902294885335e-9
5.649236479286973e-9
5.853353470387029e-9
6.064741556985625e-9
6.283717560490144e-9
6.510615851602316e-9
6.745789517017943e-9
6.989611618395248e-9
7.2424765520313746e-9
7.504801518564527e-9
7.777028112999772e-9
8.059624046452671e-9
8.353085012232841e-9
8.657936710265594e-9
8.974737045394922e-9
9.304078516848061e-9
9.646590818096904e-9
1.0002943668555441e-8
1.0373849901040996e-8
1.076006883173985e-8
1.1162409942603639e-8
1.1581736909715583e-8
1.2018972015269763e-8
1.247510098547583e-8
1.2951178302024153e-8
1.3448333040822332e-8
1.3967775298664179e-8
1.4510803276455821e-8
1.507881109676584e-8
1.5673297443982295e-8
1.6295875127479288e-8
1.694828168219254e-8
1.7632391137202513e-8
1.8350227101711917e-8
1.910397733964399e-8
1.9896010029533804e-8
2.0728891936102493e-8
2.1605408754695263e-8
2.252858793059933e-8
2.3501724303310325e-8
2.4528408982516172e-8
2.5612561929656715e-8
2.6758468798529922e-8
2.797082268316946e-8
2.9254771534345278e-8
3.061597214152973e-8
3.206065173999338e-8
3.3595678499027676e-8
3.522864238488924e-8
3.696794818065821e-8
3.882292279711036e-8
4.0803939439532255e-8
4.2922561725075445e-8
4.5191711499269346e-8
4.762586491157681e-8
5.0241282320975397e-8
5.3056278868988383e-8
5.609154415211309e-8
5.937052144416061e-8
6.291985948902231e-8
6.676995317611844e-8
7.095559365359138e-8
7.551675393931985e-8
8.049954328261062e-8
8.595737299692674e-8
9.195238904303937e-8
9.855724343998517e-8
1.058572992461423e-7
1.1395339471898434e-7
1.229653347146657e-7
1.3303633639517939e-7
1.4433873925513438e-7
1.5708140748797539e-7
1.7151942279361244e-7
1.8796691430713188e-7
2.068142411390707e-7
2.285512992119569e-7
2.5379957785564903e-7
2.83356927780129e-7
3.182611378503189e-7
3.598819125260432e-7
4.1005670818914805e-7
4.712960205252762e-7
5.471017898374226e-7
6.424760097189334e-7
7.647609849391901e-7
9.250825541022766e-7
1.1409441503780613e-6
1.4411467126072342e-6
1.875741244957114e-6
2.537810126476981e-6
3.6160325109350365e-6
5.53821128024334e-6
9.428845192704564e-6
0.000018825284364155223
0.00004364157030621862
9.778521573566146e-7
0.00004364157030621862