0.
9.918086994113672e-14
3.966040136261968e-13
8.919111777854864e-13
1.5845057572773452e-12
2.4735535199316593e-12
3.5579836200951314e-12
4.836489899644432e-12
6.307532474883405e-12
7.969339607392546e-12
9.819909856553184e-12
1.1857014511126051e-11
1.4078200296924012e-11
1.6480792357283006e-11
1.9061897502702528e-11
2.1818407725700208e-11
2.4747003976601336e-11
2.7844160195667075e-11
3.11061475966531e-11
3.4529039196583786e-11
3.8108714586228386e-11
4.184086493547163e-11
4.572099822748551e-11
4.974444471533194e-11
5.390636259435239e-11
5.820174388344105e-11
6.262542050804187e-11
6.717207057746539e-11
7.183622484888365e-11
7.661227337013607e-11
8.149447229326013e-11
8.647695085045336e-11
9.155371848397629e-11
9.671867212131706e-11
1.0196560358676442e-10
1.0728820714036711e-10
1.1268008713510425e-10
1.1813476578294766e-10
1.236456910203645e-10
1.2920624446368683e-10
1.3480974944466808e-10
1.4044947911644563e-10
1.4611866462004646e-10
1.5181050330149604e-10
1.5751816696953444e-10
1.6323481018388852e-10
1.6895357856401577e-10
1.7466761710821075e-10
1.8037007851295271e-10
1.8605413148237061e-10
1.9171296901771708e-10
1.9733981667676869e-10
2.0292794079310234e-10
2.0847065664525014e-10
2.139613365657985e-10
2.1939341798056534e-10
2.2476041136808205e-10
2.3005590812969512e-10
2.352735883607248e-10
2.4040722851322553e-10
2.454507089410358e-10
2.5039802131794336e-10
2.5524327591995166e-10
2.5998070876279374e-10
2.6460468858602413e-10
2.6910972367520054e-10
2.734904685138694e-10
2.777417302572788e-10
2.8185847501995193e-10
2.858358339694971e-10
2.89669109219254e-10
2.933537795126258e-10
2.968855056922095e-10
3.002601359470907e-10
3.034737108319467e-10
3.0652246805187787e-10
3.094028470071812e-10
3.121114930925679e-10
3.146452617456278e-10
3.1700122223966456e-10
3.1917666121631516e-10
3.2116908595372027e-10
3.2297622736630063e-10
3.2459604273256167e-10
3.260267181476561e-10
3.2726667069778646e-10
3.2831455035387736e-10
3.2916924158228447e-10
3.2982986467066177e-10
3.3029577676747185e-10
3.305665726339608e-10
3.30642085107803e-10
3.305223852779526e-10
3.302077823706327e-10
3.2969882334672724e-10
3.289962922112238e-10
3.281012090357157e-10
3.270148286953327e-10
3.257386393218427e-10
3.242743604750282e-10
3.226239410348052e-10
3.207895568169281e-10
3.187736079154713e-10
3.1657871577566357e-10
3.1420772000100417e-10
3.1166367489895055e-10
3.0894984576984933e-10
3.0606970494412823e-10
3.030269275731495e-10
2.9982538717948314e-10
2.9646915097273617e-10
2.9296247493744643e-10
2.8930979869992726e-10
2.855157401813433e-10
2.8158509004468647e-10
2.775228059437304e-10
2.7333400658245936e-10
2.6902396559392343e-10
2.6459810524790063e-10
2.600619899972713e-10
2.554213198735137e-10
2.506819237422961e-10
2.458497524307733e-10
2.4093087173885743e-10
2.3593145534751677e-10
2.3085777763799264e-10
2.2571620643681792e-10
2.2051319570262537e-10
2.1525527817204808e-10
2.099490579835164e-10
2.046012032995587e-10
1.9921843895031898e-10
1.9380753912355492e-10
1.8837532012941353e-10
1.829286332719811e-10
1.7747435786409245e-10
1.7201939442737262e-10
1.665706581262664e-10
1.6113507249317007e-10
1.557195635122123e-10
1.50331054142271e-10
1.449764593762212e-10
1.396626819541837e-10
1.3439660887498514e-10
1.291851088839072e-10
1.2403503115846604e-10
1.189532054706215e-10
1.1394644417785581e-10
1.0902154649304667e-10
1.0418530561238385e-10
9.944451945359699e-11
9.480600599023714e-11
9.027662448574095e-11
8.586330436842108e-11
8.157308409653622e-11
7.741316321731715e-11
7.33909720399357e-11
6.951426509519457e-11
6.579124711651472e-11
6.223074407771811e-11
5.884243755518733e-11
5.56371894808563e-11
5.262749812247695e-11
4.9828148138039236e-11
4.725715356196352e-11
4.493715303232949e-11
4.2897520992064235e-11
4.1177644835081645e-11
3.9832162283405966e-11
3.893961633910462e-11
3.861732296622652e-11
3.9048095142699825e-11
4.0530925150170387e-11
4.358349723842739e-11
4.91664883296769e-11
5.92246820059454e-11
7.816351007918966e-11
1.1755022989400886e-10
2.1368056864447885e-10
4.665195678064884e-10
0.
4.665195678064884e-10