9.938394389551356e-8
2.973507370965277e-7
4.072284031642466e-7
4.737571562080331e-7
5.123894628061933e-7
5.325809486765465e-7
5.404729973902797e-7
5.401363525482193e-7
5.343083790532247e-7
5.248523523476719e-7
5.130495346802066e-7
4.997880011111029e-7
4.856866527524746e-7
4.711779075483545e-7
4.5656363269246023e-7
4.420534833579289e-7
4.2779150340095643e-7
4.138747860447645e-7
4.003666942147866e-7
3.873063086872428e-7
3.7471523197929526e-7
3.6260252003454885e-7
3.50968276232332e-7
3.3980628174586707e-7
3.291059265261191e-7
3.18853629413315e-7
3.090338828004643e-7
2.9963002010903814e-7
2.906247776669918e-7
2.820007036118092e-7
2.7374045267146077e-7
2.658269956709141e-7
2.582437652822462e-7
2.509747541323055e-7
2.4400457737863463e-7
2.373185088799993e-7
2.3090249785555096e-7
2.247431712472274e-7
2.1882782573361394e-7
2.1314441238402328e-7
2.0768151621334363e-7
2.0242833234343912e-7
1.9737464005379937e-7
1.9251077568159087e-7
1.8782760508290526e-7
1.8331649617956926e-7
1.7896929196998946e-7
1.7477828427307654e-7
1.7073618838990927e-7
1.6683611880365552e-7
1.6307156599074194e-7
1.5943637437911964e-7
1.559247214637282e-7
1.5253109806761098e-7
1.4925028972526186e-7
1.4607735915236704e-7
1.4300762976077967e-7
1.4003667017264712e-7
1.3716027968508988e-7
1.3437447463594816e-7
1.3167547562054578e-7
1.2905969551108292e-7
1.2652372823047004e-7
1.2406433823479777e-7
1.2167845066013863e-7
1.1936314209194293e-7
1.1711563191610672e-7
1.1493327421634885e-7
1.1281355017848176e-7
1.107540609721302e-7
1.0875252107600378e-7
1.068067520180321e-7
1.0491467650301527e-7
1.030743129021984e-7
1.0128377008001337e-7
9.954124253689737e-8
9.784500584613805e-8
9.619341236585183e-8
9.458488720833412e-8
9.301792444905057e-8
9.14910835603922e-8
9.000298605535224e-8
8.855231232698461e-8
8.713779867205228e-8
8.575823448596068e-8
8.441245961877062e-8
8.309936188177856e-8
8.181787469495306e-8
8.056697486675841e-8
7.934568049798227e-8
7.815304900123258e-8
7.698817523046533e-8
7.585018971130879e-8
7.473825696919411e-8
7.365157394633559e-8
7.258936850417392e-8
7.15508980050656e-8
7.053544796955916e-8
6.95423308031772e-8
6.857088459052079e-8
6.762047195117053e-8
6.669047895486915e-8
6.578031409113362e-8
6.488940729270974e-8
6.401720900653314e-8
6.316318931242013e-8
6.2326837084835e-8
6.150765919659828e-8
6.070517976090918e-8
5.991893941129044e-8
5.91484946149438e-8
5.8393417020523545e-8
5.7653292836610313e-8
5.692772223944428e-8
5.6216318808031217e-8
5.5518708987452887e-8
5.4834531574705396e-8
5.416343723110984e-8
5.350508801440252e-8
5.285915693384293e-8
5.2225327525236086e-8
5.160329344445359e-8
5.0992758080202546e-8
5.0393434183069727e-8
4.9805043510878187e-8
4.922731648610748e-8
4.865999189676754e-8
4.8102816535489145e-8
4.755554495414862e-8
4.7017939155071346e-8
4.648976832449448e-8
4.597080857178089e-8
4.5460842680662265e-8
4.495965987087397e-8
4.446705556820385e-8
4.398283118643636e-8
4.350679391622515e-8
4.303875652332841e-8
4.2578537155662376e-8
4.212595915695016e-8
4.1680850888295224e-8
4.124304555808024e-8
4.0812381056677966e-8
4.0388699798271595e-8
3.997184857050696e-8
3.956167838745284e-8
3.915804435028431e-8
3.8760805512300276e-8
3.836982474900851e-8
3.7984968634247996e-8
3.760610732031613e-8
3.723311442158333e-8
3.6865866905220317e-8
3.650424498268942e-8
3.61481320080011e-8
3.579741437792435e-8
3.5451981436879096e-8
3.511172538516982e-8
3.4776541189855523e-8
3.444632649993164e-8
3.412098156327142e-8
3.3800409148194297e-8
3.348451446610031e-8
3.317320509793625e-8
3.286639092294898e-8
3.2563984050046354e-8
3.2265898751372805e-8
3.197205139712518e-8
3.168236039670257e-8
3.1396746135751256e-8
3.1115130920031656e-8
3.083743892002571e-8
3.0563596116133404e-8
3.029353024715908e-8
3.002717076037169e-8
2.9764448762256366e-8
2.9505296972109065e-8
2.9249649675855802e-8
2.8997442683662854e-8
2.8748613284920874e-8
2.850310020996784e-8
2.8260843588249447e-8
2.8021784910364166e-8
2.778586699168774e-8
2.755303393491728e-8
2.732323109707285e-8
2.70964050516639e-8
2.687250356158958e-8
2.665147554318534e-8
2.6433271036512013e-8
2.6217841176916588e-8
2.6005138163868375e-8
2.579511523613871e-8
2.5587726640473603e-8
2.5382927610771003e-8
2.5180674334530522e-8
2.4980923938527956e-8
2.4783634455872558e-8
2.458876480748985e-8
2.4396274778013156e-8
2.4206124994639362e-8
2.4018276904577106e-8
2.383269275679258e-8
2.364933558000069e-8
2.3468169161778455e-8
2.3289158034020617e-8
2.311226745199486e-8
2.2937463376326502e-8
2.276471245626506e-8
2.2593982013282004e-8
2.242524002432819e-8
2.2258455105001334e-8
2.2093596496894868e-8
2.193063404990131e-8
2.1769538208224568e-8
2.1610279997950468e-8
2.1452831011085636e-8
2.1297163393976336e-8
2.114324983263192e-8
2.0991063541641722e-8
2.084057825085218e-8
2.069176819370438e-8
2.0544608095885483e-8
2.039907316363372e-8
2.0255139073289542e-8
2.0112781959590943e-8
1.9971978404977587e-8
1.9832705432237437e-8
1.969494049207301e-8
1.955866145226256e-8
1.9423846591431544e-8
1.9290474588778704e-8
1.915852451442657e-8
1.90279758213925e-8
1.8898808337699143e-8
1.8771002256283944e-8
1.8644538128355565e-8
1.8519396856680192e-8
1.8395559684889688e-8
1.827300819330562e-8
1.8151724289596072e-8
1.803169020329723e-8
1.7912888476694463e-8
1.7795301960746278e-8
1.7678913806805587e-8
1.7563707460890926e-8
1.7449666657378624e-8
1.7336775412959514e-8
1.7225018020559196e-8
1.711437904349011e-8
1.700484331168766e-8
1.689639591162883e-8
1.6789022186879006e-8
1.6682707728123425e-8
1.6577438371126067e-8
1.6473200189355386e-8
1.636997949077373e-8
1.6267762812889705e-8
1.616653691772486e-8
1.6066288786990324e-8
1.5967005619053594e-8
1.5868674822777375e-8
1.5771284014299422e-8
1.567482101299516e-8
1.557927384219324e-8
1.5484630702583423e-8
1.5390880011449725e-8
1.529801035752891e-8
1.520601051749292e-8
1.5114869446762308e-8
1.502457628031013e-8
1.4935120324402577e-8
1.484649105648644e-8
1.4758678120188349e-8
1.4671671323114206e-8
1.4585460633650534e-8
1.4500036176134229e-8
1.441538823259471e-8
1.433150723312134e-8
1.424838375807494e-8
1.4166008533333488e-8
1.4084372429185632e-8
1.4003466457170343e-8
1.3923281761395093e-8
1.3843809625055198e-8
1.3765041467601314e-8
1.3686968834724214e-8
1.3609583399815721e-8
1.3532876964150312e-8
1.3456841450209319e-8
1.3381468904911224e-8
1.3306751489947975e-8
1.3232681487674896e-8
1.3159251292584099e-8
1.3086453413519623e-8
1.3014280468104114e-8
1.2942725184591049e-8
1.2871780397432129e-8
1.2801439045778495e-8
1.2731694171026447e-8
1.2662538917230654e-8
1.2593966526440747e-8
1.2525970339801947e-8
1.2458543793308095e-8
1.2391680418667339e-8
1.2325373837259487e-8
1.225961776558872e-8
1.219440600687588e-8
1.2129732453352965e-8
1.206559108295039e-8
1.2001975959804817e-8
1.1938881230313526e-8
1.1876301124973458e-8
1.1814229951081753e-8
1.1752662100552903e-8
1.1691592038965184e-8
1.1631014310572784e-8
1.1570923535883772e-8
1.1511314407871054e-8
1.1452181693166564e-8
1.1393520229391549e-8
1.1335324925566731e-8
1.1277590760293577e-8
1.1220312781505599e-8
1.1163486099600948e-8
1.1107105897567646e-8
1.1051167418412572e-8
1.099566596960894e-8
1.0940596925347457e-8
1.0885955717162813e-8
1.0831737838080963e-8
1.0777938844030526e-8
1.0724554347943124e-8
1.0671580019728234e-8
1.0619011585390832e-8
1.056684483387412e-8
1.0515075600648436e-8
1.0463699779502031e-8
1.0412713318888299e-8
1.0362112219211569e-8
1.031189252941906e-8
1.0262050355436682e-8
1.021258184870132e-8
1.016348321094695e-8
1.0114750694665496e-8
1.0066380598579562e-8
1.0018369270218531e-8
9.970713099375237e-9
9.923408526463887e-9
9.876452033819589e-9
9.829840151989549e-9
9.783569454735987e-9
9.737636549303865e-9
9.692038091913923e-9
9.646770790510576e-9
9.601831380594218e-9
9.557216642288129e-9
9.512923395013632e-9
9.468948500555856e-9
9.42528885568883e-9
9.3819413967032e-9
9.338903100376482e-9
9.29617097321813e-9
9.253742066748594e-9
9.211613461872866e-9
9.169782277893612e-9
9.128245668740727e-9
9.087000823483483e-9
9.04604496172471e-9
9.00537534196825e-9
8.964989248478635e-9
8.924884004686814e-9
8.885056962054042e-9
8.845505504895053e-9
8.806227048198372e-9
8.767219038852093e-9
8.728478950430796e-9
8.690004289986577e-9
8.65179259193435e-9
8.613841420097543e-9
8.57614836619882e-9
8.53871105183593e-9
8.501527123475418e-9
8.464594258263732e-9
8.427910157065613e-9
8.391472548508707e-9
8.355279188104798e-9
8.319327856406235e-9
8.283616358499705e-9
8.248142527020198e-9
8.21290421801149e-9
8.17789931063844e-9
8.143125711159715e-9
8.108581346532396e-9
8.07426416691841e-9
8.040172150770457e-9
8.006303292940692e-9
7.97265561451871e-9
7.939227154972733e-9
7.90601598191512e-9
7.873020179918189e-9