1.0151157318684552e-7
3.036058654982595e-7
4.157244827350412e-7
4.835939428747385e-7
5.229951009213174e-7
5.435801897205614e-7
5.516168974486505e-7
5.512591449452278e-7
5.452999797520316e-7
5.356404475214662e-7
5.235877045250004e-7
5.100477224449728e-7
4.956518382946624e-7
4.808411312997916e-7
4.6592349295301323e-7
4.511127439053822e-7
4.365557735973009e-7
4.223515783741525e-7
4.0856474879268506e-7
3.9523510826881853e-7
3.8238465393662124e-7
3.7002258745184564e-7
3.5814898110966326e-7
3.467574608782856e-7
3.358371759725755e-7
3.253742472795502e-7
3.1535283279431936e-7
3.0575591030839574e-7
2.9656585038290807e-7
2.877648332884403e-7
2.7933514954544675e-7
2.7125941349211513e-7
2.635207118292623e-7
2.561027035789309e-7
2.4898968380960364e-7
2.421666204366143e-7
2.3561917112919873e-7
2.293336856425457e-7
2.2329719760144376e-7
2.174974087834757e-7
2.1192266820695016e-7
2.0656194776292833e-7
2.014048156991936e-7
1.9644140893504926e-7
1.9166240493254979e-7
1.8705899365862575e-7
1.826228500237932e-7
1.7834610707154913e-7
1.742213301065227e-7
1.702414918840454e-7
1.6639994893536165e-7
1.6269041906483055e-7
1.591069600292377e-7
1.5564394938726692e-7
1.5229606549509385e-7
1.4905826961140864e-7
1.4592578906976347e-7
1.428941014711284e-7
1.3995891984698656e-7
1.3711617874240387e-7
1.3436202116794225e-7
1.3169278637098717e-7
1.291049983772729e-7
1.2659535525582552e-7
1.2416071906207855e-7
1.2179810641654362e-7
1.1950467967724923e-7
1.172777386698381e-7
1.151147129350864e-7
1.1301315446377437e-7
1.1097073088430832e-7
1.0898521907380261e-7
1.0705449916470254e-7
1.0517654892082268e-7
1.0334943845752875e-7
1.0157132528453245e-7
9.984044964879104e-8
9.815513015822588e-8
9.651375966812724e-8
9.49148014121504e-8
9.335678536271335e-8
9.183830480564789e-8
9.035801311467226e-8
8.891462071385018e-8
8.750689221486769e-8
8.613364371870846e-8
8.479374027099962e-8
8.348609346111536e-8
8.220965915639391e-8
8.096343536291273e-8
7.974646020431364e-8
7.855781001292374e-8
7.739659752374733e-8
7.62619701682759e-8
7.515310845897677e-8
7.406922446100097e-8
7.300956034476817e-8
7.197338701569182e-8
7.096000281483977e-8
6.996873228829988e-8
6.899892501961384e-8
6.804995452270914e-8
6.712121719038013e-8
6.621213129771699e-8
6.53221360540171e-8
6.44506907034068e-8
6.35972736694237e-8
6.276138174240171e-8
6.194252930595643e-8
6.114024760217179e-8
6.035408403088294e-8
5.958360148408388e-8
5.882837771166487e-8
5.8088004717010305e-8
5.7362088180530735e-8
5.6650246911977875e-8
5.59521123257501e-8
5.5267327943314523e-8
5.4595548915713425e-8
5.3936441569559524e-8
5.3289682973354545e-8
5.265496052268584e-8
5.203197154506519e-8
5.1420422921376925e-8
5.082003072397306e-8
5.0230519867079455e-8
4.965162380154156e-8
4.908308414653456e-8
4.852465043915615e-8
4.797607981931283e-8
4.74371367577262e-8
4.69075927898085e-8
4.638722626181456e-8
4.587582208759772e-8
4.537317151395275e-8
4.487907189809736e-8
4.439332649222418e-8
4.391574423760729e-8
4.34461395677078e-8
4.2984332218009416e-8
4.253014704394128e-8
4.2083413847296675e-8
4.164396720756192e-8
4.1211646320501086e-8
4.07862948447321e-8
4.036776075167914e-8
3.995589618340633e-8
3.9550557314873965e-8
3.91516042213663e-8
3.875890075208014e-8
3.8372314407800216e-8
3.799171622213344e-8
3.761698065000136e-8
3.724798545691246e-8
3.6884611615137846e-8
3.6526743201881066e-8
3.6174267302225636e-8
3.582707391549225e-8
3.548505586428603e-8
3.5148108707944274e-8
3.481613065777977e-8
3.4489022497045146e-8
3.416668750198585e-8
3.3849031366802775e-8
3.353596213094907e-8
3.322739010908763e-8
3.292322782330906e-8
3.262338993661491e-8
3.2327793192864135e-8
3.203635635253162e-8
3.1749000135427554e-8
3.1465647164172345e-8
3.1186221908273376e-8
3.091065063155804e-8
3.063886134121343e-8
3.037078373753144e-8
3.010634916655481e-8
2.98454905729527e-8
2.9588142456764365e-8
2.93342408274636e-8
2.9083723164899238e-8
2.8836528376600553e-8
2.8592596759046844e-8
2.8351869960548325e-8
2.8114290943025215e-8
2.7879803948334642e-8
2.7648354459664618e-8
2.741988917387976e-8
2.719435596483403e-8
2.6971703853052436e-8
2.6751882976710693e-8
2.6534844559834954e-8
2.632054088697393e-8
2.6108925271232144e-8
2.589995203302106e-8
2.569357646582437e-8
2.548975482157862e-8
2.5288444277058525e-8
2.5089602914981034e-8
2.489318969940447e-8
2.4699164454152306e-8
2.4507487839800853e-8
2.4318121335051858e-8
2.4131027214274363e-8
2.3946168526191672e-8
2.3763509079039287e-8
2.3583013419192712e-8
2.3404646812784136e-8
2.3228375228627234e-8
2.3054165321479823e-8
2.288198441495927e-8
2.271180048436658e-8
2.2543582143776275e-8
2.237729862797884e-8
2.221291977820719e-8
2.2050416029453204e-8
2.188975839418086e-8
2.1730918450508398e-8
2.157386832723226e-8
2.14185806925174e-8
2.126502874030255e-8
2.111318617839945e-8
2.0963027216912647e-8
2.0814526556305616e-8
2.0667659376738468e-8
2.0522401326124495e-8
2.037872850921579e-8
2.0236617480099523e-8
2.009604522951048e-8
1.9956989173771202e-8
1.98194271484358e-8
1.9683337397806532e-8
1.954869856508719e-8
1.9415489684190313e-8
1.928369017168642e-8
1.915327981650768e-8
1.902423877316863e-8
1.889654755491522e-8
1.8770187022815066e-8
1.8645138381495795e-8
1.852138316961149e-8
1.839890325425208e-8
1.8277680821638566e-8
1.8157698372963575e-8
1.8038938715943733e-8
1.792138495897382e-8
1.7805020504690254e-8
1.7689829043804398e-8
1.757579454889875e-8
1.7462901268459665e-8
1.735113372303638e-8
1.7240476694954422e-8
1.7130915228872894e-8
1.7022434621612973e-8
1.6915020420074793e-8
1.680865841371298e-8
1.6703334631260222e-8
1.6599035335678836e-8
1.6495747019024618e-8
1.6393456397525155e-8
1.629215040848447e-8
1.6191816203996445e-8
1.6092441147658616e-8
1.5994012810452607e-8
1.5896518971473673e-8
1.5799947590798217e-8
1.5704286849513187e-8
1.5609525103657612e-8
1.5515650901039254e-8
1.542265297186124e-8
1.5330520229541736e-8
1.5239241762286744e-8
1.5148806832974755e-8
1.505920487405422e-8
1.4970425485297913e-8
1.4882458430539018e-8
1.479529363274253e-8
1.4708921175782422e-8
1.4623331294613222e-8
1.453851437752608e-8
1.4454460961297744e-8
1.4371161730061215e-8
1.428860751208106e-8
1.4206789270894959e-8
1.4125698111965217e-8
1.4045325279788487e-8
1.3965662147676916e-8
1.3886700219248532e-8
1.3808431128612284e-8
1.3730846633556447e-8
1.3653938618844297e-8
1.357769908635405e-8
1.3502120161088007e-8
1.342719408247278e-8
1.3352913206619049e-8
1.3279270000635092e-8
1.3206257044516162e-8
1.3133867026621899e-8
1.3062092742146796e-8
1.2990927090615962e-8
1.2920363076306544e-8
1.2850393803489424e-8
1.2781012477552041e-8
1.2712212400665007e-8
1.264398697266526e-8
1.2576329684890483e-8
1.2509234125742453e-8
1.2442693972108356e-8
1.2376702991701853e-8
1.2311255039682854e-8
1.2246344059175495e-8
1.2181964077242312e-8
1.2118109206760451e-8
1.2054773638973867e-8
1.1991951651469077e-8
1.1929637596999045e-8
1.1867825908596957e-8
1.1806511097104869e-8
1.1745687747307678e-8
1.1685350519151335e-8
1.1625494145018863e-8
1.1566113430148793e-8
1.1507203250779262e-8
1.1448758553894264e-8
1.1390774350216643e-8
1.133324572453884e-8
1.1276167822896502e-8
1.1219535857106185e-8
1.1163345107062089e-8
1.1107590911172176e-8
1.105226867058954e-8
1.0997373850652361e-8
1.094290197486436e-8
1.08888486248691e-8
1.0835209439549564e-8
1.0781980122009786e-8
1.0729156422830451e-8
1.0676734152098925e-8
1.0624709175682347e-8
1.057307741245816e-8
1.0521834830836833e-8
1.0470977457368796e-8
1.042050136504391e-8
1.0370402678174594e-8
1.032067757286607e-8
1.027132227239694e-8
1.0222333049847744e-8
1.0173706221424495e-8
1.0125438154986362e-8
1.0077525261168456e-8
1.0029963999800667e-8
9.982750874809104e-9
9.935882424286075e-9
9.889355236297773e-9
9.84316595168774e-9
9.797311239418579e-9
9.751787813985171e-9
9.706592429981791e-9
9.661721885229979e-9
9.617173013253917e-9
9.572942687899917e-9
9.529027824326425e-9
9.485425368030621e-9
9.442132310437676e-9
9.399145672956923e-9
9.356462516178025e-9
9.314079936023827e-9
9.271995064272933e-9
9.230205063860313e-9
9.188707137414588e-9
9.147498513850846e-9
9.106576462048562e-9
9.065938279489312e-9
9.025581297177825e-9
8.985502877418031e-9
8.945700415063639e-9
8.90617133219922e-9
8.866913085069036e-9
8.827923157838196e-9
8.789199064679804e-9
8.750738348235065e-9
8.712538581629133e-9
8.674597363363202e-9
8.63691232324355e-9
8.599481115278546e-9
8.562301421805342e-9
8.525370952593221e-9
8.488687442962607e-9
8.452248653268483e-9
8.416052371975542e-9
8.38009641143456e-9
8.344378607588881e-9
8.308896824027706e-9
8.273648945460861e-9
8.238632880276094e-9
8.20384656572819e-9
8.169287955806284e-9
8.134955031271428e-9
8.10084579163832e-9
8.066958265138978e-9
8.033290497311494e-9