4.8366770520373525e-8
8.090490802798228e-8
7.203792188702743e-8
5.9157217066778295e-8
4.761867406868162e-8
3.824578311301065e-8
3.085134374436584e-8
2.505907691286891e-8
2.0514112638537905e-8
1.692810502640988e-8
1.407834864038796e-8
1.1795965145431096e-8
9.953503635458958e-9
8.454620287603881e-9
7.226132962330019e-9
6.212094149484263e-9
5.369423743466338e-9
4.6647010710579485e-9
4.0718043552614664e-9
3.570166156761754e-9
3.143476557060894e-9
2.7787128291564654e-9
2.4654083620318217e-9
2.1950979612108783e-9
1.9608940195296187e-9
1.7571604496462267e-9
1.579260144457884e-9
1.423358113690098e-9
1.2862670597702097e-9
1.1653255131227886e-9
1.0583011043895823e-9
9.633133613799953e-10
8.787717607208682e-10
8.033257655187909e-10
7.358243320993615e-10
6.752829366464537e-10
6.208566039283261e-10
5.718177498861664e-10
5.275379031083931e-10
4.874725658342304e-10
4.511486270342954e-10
4.1815385865629357e-10
3.881281190854296e-10
3.6075596111365135e-10
3.357603996698735e-10
3.128976406515182e-10
2.9195260897079185e-10
2.727351434184106e-10
2.550767496690431e-10
2.388278219164861e-10
2.2385525916801866e-10
2.1004041486471432e-10
1.9727732882394522e-10
1.854711989461603e-10
1.7453705709147604e-10
1.643986192490334e-10
1.549872848690418e-10
1.462412641542114e-10
1.3810481537734551e-10
1.3052757701922854e-10
1.234639817996615e-10
1.1687274159145904e-10
1.1071639380974297e-10
1.0496090122825696e-10
9.957529831657114e-11
9.453137816407819e-11
8.98034148760085e-11
8.53679170312485e-11
8.120340838272717e-11
7.72902324971097e-11
7.361037846148483e-11
7.014732516136778e-11
6.688590195641952e-11
6.381216385674348e-11
6.091327953875844e-11
5.817743075217936e-11
5.5593721842934346e-11
5.315209826941684e-11
5.084327313862195e-11
4.8658660883562405e-11
4.659031732511735e-11
4.463088544024255e-11
4.277354623782747e-11
4.1011974215191635e-11
3.9340296922845633e-11
3.775305822226272e-11
3.6245184864588695e-11
3.4811956059699814e-11
3.344897574198685e-11
3.215214726898792e-11
3.091765031747495e-11
2.9741919769068184e-11
2.8621626392425196e-11
2.7553659159375865e-11
2.6535109037382224e-11
2.5563254125971282e-11
2.4635546012569668e-11
2.3749597239215637e-11
2.2903169778395743e-11
2.209416443020972e-11
2.132061105904954e-11
2.058065959664342e-11
1.987257174377577e-11
1.9194713314705608e-11
1.854554716398702e-11
1.792362631098953e-11
1.7327589600360322e-11
1.6756152698923073e-11
1.6208106325446865e-11
1.5682309746052864e-11
1.5177686663610734e-11
1.4693221088572902e-11
1.4227953505137697e-11
1.3780977309040876e-11
1.3351435495991618e-11
1.2938517583403351e-11
1.254145674294714e-11
1.215952713339962e-11
1.1792041412967401e-11
1.143834842183722e-11
1.1097831020225255e-11
1.0769904070362317e-11
1.045401255317294e-11
1.0149629807843412e-11
9.85625588629898e-12
9.573416016075977e-12
9.30065915938229e-12
9.037556667272262e-12
8.783701015902489e-12
8.538704625656408e-12
8.302198752312803e-12
8.07383244705255e-12
7.853271581230547e-12
7.640197931240983e-12
7.434308317475305e-12
7.235313797640372e-12
7.042938906629546e-12
6.856920942232693e-12
6.67700929413504e-12
6.502964808698328e-12
6.334559204394998e-12
6.171574490572197e-12
6.013802459661266e-12
5.861044178210655e-12
5.713109520497025e-12
5.56981672442595e-12
5.430991973958513e-12
5.29646900420256e-12
5.1660887282652905e-12
5.03969888562385e-12
4.917153708905926e-12
4.79831360904859e-12
4.683044878294899e-12
4.571219407549109e-12
4.462714420749673e-12
4.357412222030643e-12
4.255199956840562e-12
4.1559693858240006e-12
4.059616670039428e-12
3.96604216746288e-12
3.875150240402445e-12
3.786849072309005e-12
3.701050494433013e-12
3.61766982086278e-12
3.5366256921065296e-12
3.4578399267199546e-12
3.381237379929487e-12
3.3067458089798406e-12
3.2342957473844368e-12
3.163820381717067e-12
3.095255437246654e-12
3.028539068484588e-12
2.96361175408789e-12
2.900416197937825e-12
2.838897234627051e-12
2.779001738984074e-12
2.7206785406120607e-12
2.663878341570659e-12
2.6085536394135526e-12
2.5546586512970398e-12
2.5021492447869593e-12
2.450982869068011e-12
2.4011184906865692e-12
2.3525165326020743e-12
2.305138814489741e-12
2.258948497471883e-12
2.2139100296184e-12
2.1699890958259953e-12
2.1271525680934613e-12
2.08536845877678e-12
2.04460587668184e-12
2.004834983573321e-12
1.966026953554285e-12
1.9281539340602646e-12
1.8911890085122483e-12
1.8551061599670247e-12
1.819880238184465e-12
1.7854869252166379e-12
1.751902705112646e-12
1.7191048334096587e-12
1.6870713086031973e-12
1.6557808439661037e-12
1.6252128421100106e-12
1.5953473684068125e-12
1.5661651275481373e-12
1.5376474398600807e-12
1.5097762192381956e-12
1.4825339512661385e-12
1.4559036729235713e-12
1.4298689528476206e-12
1.4044138723402808e-12
1.3795230066698427e-12
1.355181408720238e-12
1.3313745911274065e-12
1.3080885103827269e-12
1.2853095519804766e-12
1.2630245146992515e-12
1.241220596924285e-12
1.2198853823644644e-12
1.199006827301937e-12
1.1785732475676313e-12
1.1585733064411796e-12
1.1389960028932167e-12
1.1198306602237919e-12
1.101066915405957e-12
1.0826947080826427e-12
1.064704270656557e-12
1.0470861193298826e-12
1.0298310438530353e-12
1.0129300986281311e-12
9.9637459434001e-13
9.8015608970519e-13
9.642663830739153e-13
9.486975042831125e-13
9.334417091890227e-13
9.18491469260006e-13
9.038394671644784e-13
8.894785895785463e-13
8.75401919709914e-13
8.616027323021197e-13
8.480744868767571e-13
8.348108224231387e-13
8.218055511180094e-13
8.090526537363436e-13
7.965462739050183e-13
7.842807133016501e-13
7.722504266754198e-13
7.604500173029234e-13
7.488742322920219e-13
7.375179582443754e-13
7.263762175582361e-13
7.154441630016739e-13
7.047170755611928e-13
6.941903590969372e-13
6.838595377289602e-13
6.737202514402475e-13
6.637682532257045e-13
6.539994056514396e-13
6.444096774587385e-13
6.349951404970495e-13
6.257519670673945e-13
6.166764264371428e-13
6.077648823319064e-13
5.990137902122319e-13
5.904196948917525e-13
5.819792273853926e-13
5.73689102798857e-13
5.655461181327989e-13
5.575471496700764e-13
5.496891504102922e-13
5.41969149006739e-13
5.343842464108301e-13
5.269316146983235e-13
5.196084945925944e-13
5.124121938691321e-13
5.053400854435179e-13
4.983896051799965e-13
4.915582512215916e-13
4.84843580790923e-13
4.782432096860889e-13
4.717548103217562e-13
4.653761104654549e-13
4.591048913644107e-13
4.5293898625308526e-13
4.4687627936205657e-13
4.409147043618388e-13
4.350522431985334e-13
4.2928692422231676e-13
4.236168218639729e-13
4.1804005450149734e-13
4.1255478442266667e-13
4.071592151353722e-13
4.0185159199049365e-13
3.966301997044141e-13
3.9149336221619087e-13
3.8643944108060173e-13
3.81466835040945e-13
3.765739788157331e-13
3.717593420796281e-13
3.6702142849896283e-13
3.6235877536917603e-13
3.5776995210466037e-13
3.5325356004625335e-13
3.488082311437282e-13
3.444326276654868e-13
3.401254405845886e-13
3.358853902601253e-13
3.3171122433113674e-13
3.2760171785575613e-13
3.2355567219733055e-13
3.1957191481834534e-13
3.156492981315479e-13
3.117866995511189e-13
3.0798301968778845e-13
3.0423718358214497e-13
3.0054813827811544e-13
2.969148534971433e-13
2.9333632079295207e-13
2.898115527603047e-13
2.86339582666605e-13
2.829194639514399e-13
2.7955026996403195e-13
2.762310933564054e-13
2.7296104576373866e-13
2.6973925632224476e-13
2.6656487332149424e-13
2.6343706171475575e-13
2.6035500355475674e-13
2.573178984042534e-13
2.543249612448034e-13
2.513754231795433e-13
2.4846853138015605e-13
2.4560354787669973e-13
2.4277974942727684e-13
2.399964271103885e-13
2.372528873762307e-13
2.345484490039448e-13
2.318824450609706e-13
2.2925422201660063e-13
2.2666313906164547e-13
2.2410856770740752e-13
2.2158989257770555e-13
2.1910650975769941e-13
2.1665782718265538e-13
2.1424326475092931e-13
2.118622533245346e-13
2.0951423510367625e-13
2.0719866239910252e-13
2.049149988702643e-13
2.026627180018379e-13
2.0044130398488577e-13
1.9825025020352206e-13
1.9608905994451313e-13
1.9395724602819933e-13
1.91854330584574e-13
1.8977984461679487e-13
1.877333280638826e-13
1.8571432936549965e-13
1.8372240532784975e-13
1.8175712297197398e-13
1.7981805387991419e-13
1.779047805263325e-13
1.7601689150107907e-13
1.7415398416481e-13
1.7231566255495032e-13
1.705015382486234e-13
1.6871122997044333e-13
1.6694436366794423e-13
1.6520057152262057e-13
1.6347949325985824e-13
1.617807741851179e-13
1.6010406691535714e-13
1.5844902985290751e-13
1.5681532778539534e-13
1.5520263137090318e-13
1.536106174970709e-13
1.5203896832937047e-13
1.5048737218813882e-13
1.4895552270783703e-13
1.4744311900882648e-13
1.4594986550844255e-13
1.4447547211367898e-13
1.4301965338609396e-13
1.4158212946629417e-13
1.401626249082649e-13
1.3876086928798045e-13
1.3737659698819578e-13
1.360095469065986e-13
1.3465946238993855e-13
1.3332609153216754e-13
1.3200918662019037e-13
1.3070850404714609e-13
1.294238047836533e-13
1.2815485351148254e-13
1.2690141893166763e-13
1.2566327433256386e-13
1.244401960914707e-13
1.2323196480677107e-13
1.220383643933776e-13
1.2085918316075761e-13
1.1969421240434588e-13