2.2794629316104157e-8
7.58927977298783e-8
1.1311857789873806e-7
1.4060966889890133e-7
1.6027144486151455e-7
1.7377907639681296e-7
1.8255265804605843e-7
1.877341425223972e-7
1.9021510809998346e-7
1.9068110545875391e-7
1.8965531625305366e-7
1.8753566539426657e-7
1.8462443688922537e-7
1.8115119788834037e-7
1.772902792533675e-7
1.731740147960639e-7
1.6890274598298477e-7
1.6455238553146926e-7
1.6018014676022414e-7
1.558288958575665e-7
1.515304689766364e-7
1.4730820919556993e-7
1.4317891360564678e-7
1.3915433272969267e-7
1.3524232885229425e-7
1.3144777345847384e-7
1.277732442943694e-7
1.242195679928286e-7
1.207862432011939e-7
1.1747177094592086e-7
1.1427391275251972e-7
1.1118989233611351e-7
1.0821655309914715e-7
1.0535048093756823e-7
1.0258809975923431e-7
9.992574550188546e-8
9.735972318884739e-8
9.488635059064602e-8
9.250199130567018e-8
9.020307948277322e-8
8.798613794613886e-8
8.584779111888605e-8
8.37847738549855e-8
8.179393706252467e-8
7.987225082104925e-8
7.801680555356737e-8
7.622481169950539e-8
7.449359824461125e-8
7.282061039122256e-8
7.120340659420319e-8
6.963965514174032e-8
6.812713042254325e-8
6.666370899162239e-8
6.52473655220519e-8
6.387616871187217e-8
6.254827719884613e-8
6.126193552400276e-8
6.00154701747365e-8
5.880728573026181e-8
5.763586112596342e-8
5.649974604790689e-8
5.539755746516039e-8
5.432797630397584e-8
5.328974426568294e-8
5.228166078806974e-8
5.130258014873354e-8
5.035140870719483e-8
4.942710228316523e-8
4.8528663665097304e-8
4.765514024606171e-8
4.680562178094311e-8
4.597923826015898e-8
4.5175157894790153e-8
4.439258520800401e-8
4.3630759227327696e-8
4.288895177330541e-8
4.216646583915078e-8
4.146263405690277e-8
4.0776817245665396e-8
4.0108403037191937e-8
3.9456804574967815e-8
3.8821459282695e-8
3.8201827698148704e-8
3.759739236922588e-8
3.7007656808291334e-8
3.6432144501876614e-8
3.587039797253915e-8
3.5321977889872015e-8
3.4786462228086795e-8
3.426344546751963e-8
3.375253783732785e-8
3.325336459772566e-8
3.276556535849703e-8
3.228879343310828e-8
3.182271522515976e-8
3.1367009646220386e-8
3.092136756284226e-8
3.0485491271602986e-8
3.005909399994771e-8
2.964189943222986e-8
2.9233641258898648e-8
2.8834062748035643e-8
2.844291633741325e-8
2.8059963247058864e-8
2.768497310982249e-8
2.731772362023432e-8
2.6958000199831125e-8
2.6605595678636018e-8
2.6260309991371872e-8
2.5921949888376247e-8
2.5590328659419307e-8
2.5265265870949323e-8
2.494658711528959e-8
2.4634123771257e-8
2.43277127754811e-8
2.4027196404858598e-8
2.3732422067784542e-8
2.3443242105954916e-8
2.315951360385711e-8
2.288109820742413e-8
2.2607861950584236e-8
2.2339675089137978e-8
2.2076411942334074e-8
2.181795074090923e-8
2.156417348163974e-8
2.131496578661597e-8
2.1070216780793706e-8
2.082981894252096e-8
2.0593668003451887e-8
2.0361662820780275e-8
2.0133705267347363e-8
1.9909700123924432e-8
1.9689554976377078e-8
1.9473180117046824e-8
1.9260488449503575e-8
1.9051395398186178e-8
1.8845818820814396e-8
1.8643678924607865e-8
1.8444898186168493e-8
1.8249401273950055e-8
1.8057114974033862e-8
1.7867968119303947e-8
1.7681891520563723e-8
1.749881790057308e-8
1.731868183132799e-8
1.7141419672650707e-8
1.6966969513991963e-8
1.6795271117993565e-8
1.6626265866138475e-8
1.645989670690429e-8
1.6296108105559433e-8
1.6134845995375523e-8
1.597605773182961e-8
1.5819692047063334e-8
1.5665699007188732e-8
1.5514029970369416e-8
1.5364637546863065e-8
1.521747556044091e-8
1.5072499010898748e-8
1.492966403836652e-8
1.4788927888332994e-8
1.4650248878622533e-8
1.4513586366781694e-8
1.437890071908415e-8
1.4246153280482415e-8
1.4115306345645415e-8
1.3986323130919724e-8
1.3859167746794435e-8
1.3733805173061449e-8
1.361020123218648e-8
1.348832256558539e-8
1.3368136610204295e-8
1.3249611575317446e-8
1.3132716420734407e-8
1.301742083565537e-8
1.2903695217804118e-8
1.2791510653776816e-8
1.2680838899458322e-8
1.2571652362062705e-8
1.2463924081027258e-8
1.2357627711786501e-8
1.2252737508007627e-8
1.2149228305481877e-8
1.2047075506680257e-8
1.1946255064838877e-8
1.1846743469950045e-8
1.1748517732656497e-8
1.1651555372768638e-8
1.1555834403944998e-8
1.1461333321067135e-8
1.136803108814239e-8
1.1275907125032988e-8
1.118494129690482e-8
1.1095113900866499e-8
1.1006405657130407e-8
1.091879769468161e-8
1.0832271545219831e-8
1.0746809129081396e-8
1.0662392747366867e-8
1.0579005071652391e-8
1.0496629134976656e-8
1.0415248322215134e-8
1.0334846362302318e-8
1.0255407318829608e-8
1.0176915581125325e-8
1.0099355858062262e-8
1.0022713169102645e-8
9.946972836604303e-9
9.872120478673467e-9
9.798142002157841e-9
9.725023595492323e-9
9.65275172149764e-9
9.58131311198334e-9
9.51069476017247e-9
9.440883914719238e-9
9.371868074400013e-9
9.303634981277891e-9
9.236172615752298e-9
9.169469190271621e-9
9.103513144599476e-9
9.038293140099874e-9
8.973798054754319e-9
8.910016978295461e-9
8.84693920720027e-9
8.784554240215982e-9
8.72285177334266e-9
8.661821695249743e-9
8.601454084130766e-9
8.541739202369389e-9
8.482667491890227e-9
8.424229571495456e-9
8.366416232456144e-9
8.309218434373744e-9
8.252627301739144e-9
8.196634120545694e-9
8.141230333959667e-9
8.086407539472746e-9
8.032157486020175e-9
7.978472069389293e-9
7.925343330432655e-9
7.87276345105105e-9
7.820724751848213e-9
7.769219688208127e-9
7.718240848550685e-9
7.667780950772823e-9
7.617832839789256e-9
7.568389484822396e-9
7.519443976807338e-9
7.470989525776913e-9
7.423019458351467e-9
7.3755272161197475e-9
7.328506351307744e-9
7.281950527011202e-9
7.235853512912436e-9
7.190209184402562e-9
7.14501151940896e-9
7.1002545970169774e-9
7.0559325953413896e-9
7.012039789361301e-9
6.968570548845587e-9
6.925519337049346e-9
6.882880708060261e-9
6.840649305417479e-9
6.798819860370146e-9
6.757387192192598e-9
6.716346196717066e-9
6.675691863263444e-9
6.635419255165178e-9
6.595523516887637e-9
6.555999870064393e-9
6.516843613850955e-9
6.478050121361053e-9
6.439614839621645e-9
6.401533287421182e-9
6.363801054357007e-9
6.326413799462418e-9
6.2893672491228044e-9
6.252657197828245e-9
6.216279504023265e-9
6.180230091058704e-9
6.144504945144398e-9
6.1091001148708545e-9
6.0740117098512785e-9
6.0392358969739155e-9
6.004768903216379e-9
5.9706070144250685e-9
5.936746570996213e-9
5.903183968505407e-9
5.869915657786648e-9
5.836938142055866e-9
5.8042479782997495e-9
5.771841773114776e-9
5.73971618523954e-9
5.707867921885227e-9
5.676293739686071e-9
5.644990442297522e-9
5.61395488119443e-9
5.5831839537599836e-9
5.5526746026381054e-9
5.522423814676761e-9
5.492428621102054e-9
5.4626860955125186e-9
5.433193354348298e-9
5.403947555060786e-9
5.374945896486733e-9
5.346185616241744e-9
5.3176639930699524e-9
5.289378343217345e-9
5.261326021424154e-9
5.233504419491537e-9
5.205910966501935e-9
5.1785431271181944e-9
5.151398402373048e-9
5.124474326523572e-9
5.097768470419351e-9
5.071278436779463e-9
5.045001862354324e-9
5.018936416876172e-9
4.993079801430525e-9
4.967429748964211e-9
4.941984023140281e-9
4.91674041850613e-9
4.891696759716492e-9
4.8668509014170525e-9
4.842200725292717e-9
4.817744144420844e-9
4.793479097860064e-9
4.769403552563592e-9
4.745515504344157e-9
4.721812973841407e-9
4.69829400829943e-9
4.674956682182773e-9
4.651799094623786e-9
4.6288193694171475e-9
4.6060156546382325e-9
4.583386125586613e-9
4.560928977718477e-9
4.538642431721212e-9
4.516524731940852e-9
4.494574145214803e-9
4.472788959393555e-9
4.4511674869828614e-9
4.429708060198526e-9
4.408409033026427e-9
4.387268781422843e-9
4.366285701357875e-9
4.3454582099288224e-9
4.324784742539783e-9
4.3042637564978384e-9
4.283893727268179e-9
4.263673151180357e-9
4.2436005432778314e-9
4.2236744331146595e-9
4.2038933714377015e-9
4.184255931380254e-9
4.164760698021029e-9
4.14540627576016e-9
4.126191286012732e-9
4.107114368531505e-9
4.088174178231477e-9
4.0693693871325176e-9
4.0506986847856125e-9
4.032160773628333e-9
4.013754375577262e-9
3.995478225284938e-9
3.977331074029114e-9
3.9593116880831e-9
3.9414188489385534e-9
3.923651351318912e-9
3.906008006782163e-9
3.888487638060837e-9
3.871089084836955e-9
3.85381119894078e-9
3.83665284643163e-9
3.819612906655209e-9
3.8026902727716775e-9
3.785883849506843e-9
3.769192556083154e-9
3.75261532357823e-9
3.736151095808954e-9
3.7197988286778575e-9
3.7035574910267112e-9
3.6874260624767448e-9
3.6714035359316292e-9
3.6554889145778484e-9
3.639681213628285e-9
3.6239794599397955e-9
3.6083826912190335e-9
3.5928899558056693e-9
3.577500313967874e-9
3.5622128361197194e-9
3.5470266026959537e-9
3.5319407058635537e-9
3.5169542467630033e-9
3.502066336591146e-9
3.4872760987905163e-9
3.472582663925575e-9
3.4579851739185078e-9
3.4434827786644468e-9
3.4290746402401384e-9
3.4147599280822403e-9