1.2472407882317397e-8
2.3742862049235867e-8
2.3221428767854998e-8
2.0465344905105214e-8
1.739775639301213e-8
1.458756163726072e-8
1.217964238120705e-8
1.0173318997681684e-8
8.521248949013547e-9
7.1663088323566746e-9
6.05492492688444e-9
5.141138543303003e-9
4.387070345434984e-9
3.7620968616604155e-9
3.2416825952043756e-9
2.8062360560083372e-9
2.4401153911903695e-9
2.130809203140017e-9
1.868279733972537e-9
1.6444435932250736e-9
1.4527640575535655e-9
1.2879318360910602e-9
1.1456151340900765e-9
1.0222636718165115e-9
9.149546123633991e-10
8.212710393893353e-10
7.392057522388754e-10
6.670848008791151e-10
6.035064593888792e-10
5.472923164283389e-10
4.974479117614803e-10
4.5313092309069034e-10
4.1362534879623514e-10
3.7832047152958053e-10
3.466936492967849e-10
3.1829618308678335e-10
2.92741667228829e-10
2.696963510657831e-10
2.4887113624624497e-10
2.300149090623654e-10
2.1290896645122726e-10
1.9736234108680475e-10
1.832078681495668e-10
1.7029886596977237e-10
1.5850632641357006e-10
1.4771652988696203e-10
1.3782901513150904e-10
1.2875484635544195e-10
1.2041513026995138e-10
1.1273974375769706e-10
1.0566623955960395e-10
9.913890281384324e-11
9.310793575969024e-11
8.752875160007134e-11
8.236136156739812e-11
7.756984175346104e-11
7.312186836252658e-11
6.898831178983836e-11
6.514288138455717e-11
6.15618139760183e-11
5.822360026445463e-11
5.5108744040204167e-11
5.219954991908813e-11
4.94799358968185e-11
4.6935267544074884e-11
4.45522111059224e-11
4.2318603143300695e-11
4.022333467611703e-11
3.825624805844181e-11
3.6408045053005096e-11
3.4670204770455904e-11
3.303491031234343e-11
3.1494983105360825e-11
3.004382404221708e-11
2.867536065382555e-11
2.7383999635889507e-11
2.616458413350067e-11
2.5012355258428257e-11
2.3922917382574203e-11
2.289220679612306e-11
2.1916463374945566e-11
2.0992204938901842e-11
2.0116204019840903e-11
1.9285466791363713e-11
1.8497213938244083e-11
1.7748863269978795e-11
1.703801390327358e-11
1.6362431857710825e-11
1.572003692614275e-11
1.510889069541973e-11
1.4527185606381838e-11
1.3973234954948588e-11
1.3445463743304811e-11
1.2942400304214773e-11
1.2462668624172432e-11
1.2004981302728024e-11
1.1568133089153381e-11
1.1150994945158354e-11
1.0752508585346872e-11
1.0371681454278149e-11
1.0007582100985055e-11
9.65933591657381e-12
9.326121202906206e-12
9.007165545616366e-12
8.701742463343358e-12
8.40916816512537e-12
8.128799420440855e-12
7.860029442864073e-12
7.602286902748004e-12
7.355032920402019e-12
7.117759104106806e-12
6.889985594279288e-12
6.671259247589067e-12
6.461151949838631e-12
6.259259047639004e-12
6.065197890574083e-12
5.878606473384583e-12
5.699142172953491e-12
5.526480570455877e-12
5.360314354102277e-12
5.200352295597353e-12
5.046318294809617e-12
4.897950488234285e-12
4.7550004157168994e-12
4.617232241632723e-12
4.484422027342792e-12
4.35635704934564e-12
4.2328351623511325e-12
4.113664201383561e-12
3.998661423003692e-12
3.887652980729286e-12
3.7804734330649664e-12
3.676965282183585e-12
3.5769785410486763e-12
3.4803703262238374e-12
3.3870044763261133e-12
3.2967511926039353e-12
3.209486701191699e-12
3.125092935826737e-12
3.0434572376548198e-12
2.9644720784322137e-12
2.888034786671876e-12
2.814047306725696e-12
2.7424159587320316e-12
2.6730512180574425e-12
2.6058675054886756e-12
2.5407829899084657e-12
2.4777194017215754e-12
2.4166018565814996e-12
2.357358689267275e-12
2.2999212963003173e-12
2.244223987244873e-12
2.1902038444205782e-12
2.1378005894634578e-12
2.086956457872372e-12
2.037616079642358e-12
1.989726366485336e-12
1.9432364050723548e-12
1.89809735565794e-12
1.854262356035108e-12
1.8116864306267001e-12
1.7703264040478707e-12
1.7301408192944781e-12
1.6910898599138026e-12
1.6531352762055065e-12
1.616240315210593e-12
1.5803696540321081e-12
1.545489336336565e-12
1.5115667129748434e-12
1.478570383950116e-12
1.4464701444476163e-12
1.4152369332107914e-12
1.3848427830162137e-12
1.3552607740125302e-12
1.3264649891616643e-12
1.2984304715990607e-12
1.2711331843350649e-12
1.2445499714776696e-12
1.218658521909667e-12
1.1934373336018858e-12
1.1688656809252946e-12
1.1449235822835212e-12
1.121591769837433e-12
1.0988516607510155e-12
1.0766853291173766e-12
1.0550754798813376e-12
1.0340054232058793e-12
1.0134590508250758e-12
9.934208126537987e-13
9.738756947739226e-13
9.54809198730437e-13
9.362073210834e-13
9.1805653426663e-13
9.00343768223626e-13
8.830563928258066e-13
8.661822007783899e-13
8.497093920725978e-13
8.336265578443785e-13
8.179226660813893e-13
8.025870472748393e-13
7.876093809851455e-13
7.72979682603109e-13
7.586882913406515e-13
7.447258577723686e-13
7.310833327739443e-13
7.177519563933705e-13
7.047232474599398e-13
6.919889933076268e-13
6.795412402196164e-13
6.673722841436319e-13
6.554746617610266e-13
6.438411417128776e-13
6.3246471686699e-13
6.213385959600258e-13
6.104561961130945e-13
5.998111358260352e-13
5.893972276178705e-13
5.792084715733455e-13
5.692390486486694e-13
5.594833146609691e-13
5.499357941769082e-13
5.405911748214524e-13
5.314443017523821e-13
5.224901723219732e-13
5.137239310603672e-13
5.051408645259188e-13
4.967363966404991e-13
4.88506084453015e-13
4.804456133566543e-13
4.725507929037565e-13
4.648175528647057e-13
4.572419393477568e-13
4.498201108673934e-13
4.4254833453126233e-13
4.354229833985591e-13
4.284405317120164e-13
4.2159755272994547e-13
4.148907153682948e-13
4.083167807277927e-13
4.018725997021917e-13
3.9555510983238083e-13
3.8936133279623773e-13
3.832883714855616e-13
3.773334078203519e-13
3.7149370007212004e-13
3.657665806011028e-13
3.601494535271339e-13
3.54639792584604e-13
3.4923513893115156e-13
3.4393309910471946e-13
3.3873134327479946e-13
3.3362760274241543e-13
3.286196688644169e-13
3.237053906027572e-13
3.1888267325852837e-13
3.1414947643940936e-13
3.095038127007498e-13
3.0494374593575636e-13
3.004673897879977e-13
2.96072906211886e-13
2.9175850421297475e-13
2.8752243823453544e-13
2.83363006969954e-13
2.7927855208484463e-13
2.7526745709103396e-13
2.7132814589032646e-13
2.674590817711342e-13
2.6365876637257524e-13
2.599257384690257e-13
2.5625857277959263e-13
2.5265587942930403e-13
2.4911630242131986e-13
2.4563851905512287e-13
2.4222123878384824e-13
2.3886320245460266e-13
2.355631814146771e-13
2.3231997649830914e-13
2.2913241767404965e-13
2.2599936260020627e-13
2.2291969634709575e-13
2.198923304933923e-13
2.169162025231245e-13
2.1399027496216438e-13
2.1111353468049805e-13
2.0828499241258135e-13
2.0550368203595536e-13
2.027686600192829e-13
2.0007900456759458e-13
1.9743381543681727e-13
1.948322129687179e-13
1.9227333803154398e-13
1.897563508166101e-13
1.8728043106825882e-13
1.848447769731723e-13
1.8244860506185214e-13
1.800911494772861e-13
1.77771661755105e-13
1.7548941026438958e-13
1.732436797348377e-13
1.7103377080589595e-13
1.688589998402229e-13
1.6671869823946537e-13
1.6461221233174496e-13
1.6253890277338915e-13
1.604981443951714e-13
1.584893254781829e-13
1.5651184802118951e-13
1.5456512680519691e-13
1.5264858942869449e-13
1.5076167580138392e-13
1.4890383803229438e-13
1.4707453991006008e-13
1.4527325690244604e-13
1.4349947535527695e-13
1.4175269300386985e-13
1.4003241790415518e-13
1.3833816870420903e-13
1.3666947425936014e-13
1.3502587327138947e-13
1.3340691411159372e-13
1.3181215457990107e-13
1.3024116180384959e-13
1.286935119014701e-13
1.271687898843191e-13
1.256665889722312e-13
1.2418651129749684e-13
1.2272816681417838e-13
1.2129117347144447e-13
1.1987515737643092e-13
1.1847975187707067e-13
1.1710459785205525e-13
1.1574934367449158e-13
1.1441364467619626e-13
1.1309716307878024e-13
1.117995678055131e-13
1.105205349234237e-13
1.0925974631710218e-13
1.0801689052371059e-13
1.0679166233953896e-13
1.0558376251485457e-13
1.0439289756997169e-13
1.0321878012814118e-13
1.0206112818727507e-13
1.0091966529896603e-13
9.979412056734942e-14
9.868422824823253e-14
9.758972788225318e-14
9.651036375936551e-14
9.544588544543226e-14
9.439604711572887e-14
9.336060792775903e-14
9.233933135862479e-14
9.133198550541579e-14
9.033834291686875e-14
8.935818049005333e-14
8.839127927419949e-14
8.74374244914902e-14
8.649640534157785e-14
8.556801493733552e-14
8.465205109618007e-14
8.374831389287992e-14
8.285660838733222e-14
8.197674255445898e-14
8.110852842680843e-14
8.025178118314826e-14
7.940631951628445e-14
7.857196545765111e-14
7.774854440519355e-14
7.693588469019617e-14
7.613381813882528e-14
7.534217921823472e-14
7.456080577995111e-14
7.378953839609292e-14
7.302822061339196e-14
7.227669872668854e-14
7.153482192959595e-14
7.080244189879802e-14
7.007941316910618e-14
6.936559276594674e-14
6.866084027556388e-14
6.79650177595044e-14
6.727798983413306e-14
6.659962330591974e-14
6.592978756744436e-14
6.52683540930073e-14
6.461519668326022e-14
6.39701913987321e-14
6.333321640032792e-14
6.270415193284546e-14
6.208288044736534e-14
6.146928635886906e-14
6.086325600580374e-14
6.02646778501914e-14
5.967344210144602e-14
5.908944084524272e-14
5.851256828766604e-14
5.794272010405299e-14
5.737979392587119e-14
5.682368894743683e-14
5.6274306388844457e-14
5.573154888517103e-14