3.795123467590682e-10
6.811388469442927e-9
1.5376405200199868e-8
2.3807503882526977e-8
3.127228863987752e-8
3.7514433684361795e-8
4.253724017713699e-8
4.645334731434417e-8
4.941206949871907e-8
5.1565274014875904e-8
5.305253679517766e-8
5.3995827743219633e-8
5.449875783252545e-8
5.464786325905645e-8
5.451466048671836e-8
5.415785598291304e-8
5.362542896096208e-8
5.295647536122541e-8
5.21827852626871e-8
5.133016512154875e-8
5.041953243171691e-8
4.946781507474094e-8
4.8488686812431066e-8
4.749316721421807e-8
4.6490110391729e-8
4.548660302415534e-8
4.4488288593624195e-8
4.349963171022157e-8
4.252413380368552e-8
4.156450933542257e-8
4.062282993578406e-8
3.9700642454227484e-8
3.879906576388113e-8
3.791887023728601e-8
3.706054306554267e-8
3.622434199317215e-8
3.5410339557992056e-8
3.461845953564112e-8
3.384850697399708e-8
3.310019294847154e-8
3.237315496335027e-8
3.1666973757325405e-8
3.098118713564401e-8
3.031530134090324e-8
2.966880038415194e-8
2.9041153684539024e-8
2.843182230515249e-8
2.7840264023325753e-8
2.7265937432919367e-8
2.6708305242499297e-8
2.6166836905791688e-8
2.5641010697764355e-8
2.513031533096585e-8
2.463425119072467e-8
2.4152331255205812e-8
2.3684081755059454e-8
2.3229042618635168e-8
2.278676774110478e-8
2.2356825109545044e-8
2.1938796810811684e-8
2.1532278944544703e-8
2.1136881460129553e-8
2.0752227933157678e-8
2.0377955294470436e-8
2.0013713522619435e-8
1.9659165308840892e-8
1.931398570186015e-8
1.897786173917111e-8
1.8650492069208054e-8
1.833158656935372e-8
1.8020865962766165e-8
1.7718061436952242e-8
1.742291426637306e-8
1.713517544090313e-8
1.6854605301427207e-8
1.658097318391292e-8
1.6314057072582797e-8
1.6053643262901843e-8
1.5799526034878306e-8
1.5551507336800454e-8
1.5309396479715153e-8
1.5073009842660158e-8
1.4842170588520584e-8
1.461670839060704e-8
1.4396459169597366e-8
1.4181264840786342e-8
1.3970973071358906e-8
1.376543704739551e-8
1.3564515250406226e-8
1.3368071243081936e-8
1.3175973463847851e-8
1.2988095030197235e-8
1.2804313550033621e-8
1.2624510941312267e-8
1.2448573259103607e-8
1.2276390530155455e-8
1.2107856594452034e-8
1.1942868953680686e-8
1.178132862602458e-8
1.1623140007368708e-8
1.1468210738352795e-8
1.1316451577219504e-8
1.1167776277944065e-8
1.1022101473883548e-8
1.0879346566099557e-8
1.0739433616688667e-8
1.0602287246534303e-8
1.0467834537519576e-8
1.033600493876313e-8
1.020673017701738e-8
1.007994417059276e-8
9.955582947175114e-9
9.83358456501705e-9
9.71388903739259e-9
9.596438260109759e-9
9.481175942366671e-9
9.36804754002731e-9
9.257000192176067e-9
9.147982659785198e-9
9.040945267209069e-9
8.935839846022981e-9
8.832619681030467e-9
8.731239458655279e-9
8.631655217242616e-9
8.533824299344753e-9
8.437705305264741e-9
8.343258053745723e-9
8.25044353033346e-9
8.159223856363282e-9
8.069562245417455e-9
7.981422966906098e-9
7.894771310040176e-9
7.809573549400487e-9
7.725796911835393e-9
7.643409544356992e-9
7.562380483710457e-9
7.482679626728987e-9
7.40427770195156e-9
7.327146242430582e-9
7.2512575593413325e-9
7.1765847166634404e-9
7.103101507029946e-9
7.030782428114065e-9
6.959602659998245e-9
6.889538043677139e-9
6.820565059874159e-9
6.7526608090047746e-9
6.685802991657943e-9
6.6199698898435565e-9
6.555140348967795e-9
6.491293760389442e-9
6.428410044602464e-9
6.366469635077898e-9
6.305453462548394e-9
6.245342940031489e-9
6.186119948164298e-9
6.1277668212174495e-9
6.0702663335691784e-9
6.013601686516744e-9
5.9577564957432116e-9
5.902714778973684e-9
5.848460944358566e-9
5.794979778931098e-9
5.7422564376566844e-9
5.690276432794079e-9
5.639025623632883e-9
5.588490206539691e-9
5.538656705136772e-9
5.48951196156247e-9
5.441043126882151e-9
5.393237652679676e-9
5.346083282705405e-9
5.299568044557226e-9
5.253680241897513e-9
5.208408446892418e-9
5.1637414927123985e-9
5.119668466495671e-9
5.076178702292709e-9
5.033261774655015e-9
4.990907491681068e-9
4.949105889258925e-9
4.907847224596591e-9
4.867121970424178e-9
4.826920809442293e-9
4.787234628525032e-9
4.748054513601899e-9
4.709371744232279e-9
4.671177788554837e-9
4.6334642986598714e-9
4.596223105505586e-9
4.559446214667271e-9
4.523125801441861e-9
4.4872542070989615e-9
4.451823933891471e-9
4.4168276419891044e-9
4.382258144018272e-9
4.3481084031468235e-9
4.314371527683933e-9
4.2810407683344154e-9
4.24810951439072e-9
4.215571290598967e-9
4.1834197530133494e-9
4.151648687071589e-9
4.120252003354695e-9
4.089223735066263e-9
4.058558034901978e-9
4.02824917232716e-9
3.998291530579661e-9
3.968679604052979e-9
3.939407995724655e-9
3.910471414505694e-9
3.881864672558551e-9
3.8535826833769034e-9
3.8256204589145466e-9
3.79797310738973e-9
3.7706358313659196e-9
3.743603925164127e-9
3.7168727730768413e-9
3.690437846995374e-9
3.6642947046933817e-9
3.6384389876839745e-9
3.612866419374267e-9
3.5875728032689027e-9
3.56255402109905e-9
3.537806031173801e-9
3.5133248664892445e-9
3.4891066330161795e-9
3.465147508600672e-9
3.441443740912473e-9
3.417991645681514e-9
3.3947876057845903e-9
3.3718280695719984e-9
3.349109549303513e-9
3.326628619879148e-9
3.3043819175882995e-9
3.2823661384443627e-9
3.2605780371533856e-9
3.2390144260638934e-9
3.2176721733715514e-9
3.19654820252922e-9
3.1756394906914945e-9
3.1549430678720494e-9
3.1344560154195705e-9
3.1141754654260167e-9
3.094098599349045e-9
3.0742226471037902e-9
3.054544886042714e-9
3.035062639980199e-9
3.0157732782064718e-9
2.9966742145403097e-9
2.9777629067656756e-9
2.959036854889589e-9
2.9404936013729415e-9
2.9221307294022188e-9
2.903945862632013e-9
2.8859366639325677e-9
2.8681008349081976e-9
2.8504361150897368e-9
2.8329402811080042e-9
2.8156111459033027e-9
2.798446558265042e-9
2.781444401787014e-9
2.7646025943666764e-9
2.7479190875501955e-9
2.7313918667593076e-9
2.7150189464332494e-9
2.698798377420379e-9
2.6827282386623277e-9
2.6668066403465475e-9
2.651031722279018e-9
2.6354016541132118e-9
2.619914633891841e-9
2.604568888101475e-9
2.589362670816172e-9
2.574294263360224e-9
2.559361973783191e-9
2.5445641360299065e-9
2.529899110331167e-9
2.51536528147696e-9
2.5009610592912983e-9
2.4866848778096214e-9
2.47253519513339e-9
2.4585104929011337e-9
2.444609274730174e-9
2.4308300674862946e-9
2.4171714208115444e-9
2.403631905313449e-9
2.3902101128896757e-9
2.376904656812425e-9
2.3637141705360313e-9
2.3506373083464733e-9
2.337672743610655e-9
2.3248191699185174e-9
2.312075299541614e-9
2.2994398638893646e-9
2.2869116125150566e-9
2.274489313502491e-9
2.262171752682236e-9
2.24995773339289e-9
2.2378460760634963e-9
2.2258356183287744e-9
2.213925214198634e-9
2.2021137342996098e-9
2.190400065120281e-9
2.1787831092071716e-9
2.167261784074472e-9
2.155835023251979e-9
2.1445017747532193e-9
2.133261001534103e-9
2.1221116809077685e-9
2.111052804669423e-9
2.100083378391845e-9
2.0892024217967908e-9
2.078408967425036e-9
2.0677020621189144e-9
2.057080765011194e-9
2.0465441484843234e-9
2.036091297745956e-9
2.025721310149027e-9
2.0154332954391992e-9
2.0052263752821383e-9
1.9950996833639373e-9
1.985052365075842e-9
1.9750835774910003e-9
1.9651924881084543e-9
1.9553782767598303e-9
1.9456401332908134e-9
1.9359772584099628e-9
1.9263888641284046e-9
1.9168741720350653e-9
1.9074324140885036e-9
1.8980628328986497e-9
1.8887646806478927e-9
1.8795372191046394e-9
1.8703797194772164e-9
1.8612914637054045e-9
1.8522717414229804e-9
1.8433198521695222e-9
1.834435104727132e-9
1.825616816631417e-9
1.8168643135533758e-9
1.8081769308850903e-9
1.7995540116204972e-9
1.7909949072613886e-9
1.7824989779178776e-9
1.774065591480226e-9
1.7656941241124377e-9
1.7573839590480386e-9
1.7491344881597079e-9
1.7409451103528002e-9
1.7328152327496822e-9
1.7247442697725232e-9
1.716731641343011e-9
1.7087767757802728e-9
1.7008791103243489e-9
1.693038086647864e-9
1.6852531540455837e-9
1.6775237684545097e-9
1.6698493930357106e-9
1.6622294968121965e-9
1.654663555522816e-9
1.647151051813141e-9
1.6396914732438391e-9
1.6322843151450537e-9
1.624929077717364e-9
1.6176252677194218e-9
1.610372397775622e-9
1.6031699864808094e-9
1.5960175575519914e-9
1.5889146413953141e-9
1.5818607726683404e-9
1.5748554927847356e-9
1.5678983478494731e-9
1.560988889565165e-9
1.5541266748345244e-9
1.5473112659966642e-9
1.5405422298644629e-9
1.533819138996619e-9
1.5271415705669793e-9
1.520509106752817e-9
1.513921334461288e-9
1.5073778457044705e-9
1.5008782366743606e-9
1.4944221088318987e-9
1.4880090676175469e-9
1.4816387232110683e-9
1.4753106903746211e-9
1.4690245881159565e-9
1.4627800396004434e-9
1.4565766727186525e-9
1.4504141193216448e-9
1.4442920151734593e-9
1.438210000696803e-9
1.432167719788066e-9
1.4261648202896653e-9
1.420200954942808e-9
1.414275779178662e-9
1.4083889529558627e-9
1.4025401393023319e-9
1.3967290061390168e-9
1.3909552242024234e-9