3.568808848834265e-10
4.138566318362351e-9
6.613429546582075e-9
7.712764303379314e-9
7.984732002931299e-9
7.815194821286398e-9
7.430406095643253e-9
6.955684385693514e-9
6.45815572989642e-9
5.972395363507802e-9
5.515019482913956e-9
5.0928569537123556e-9
4.707506215625801e-9
4.357872120615922e-9
4.041572660325923e-9
3.755711205457735e-9
3.4972914817526324e-9
3.2634313606844506e-9
3.051463900972846e-9
2.858975997092697e-9
2.6838133726604085e-9
2.524068291769336e-9
2.3780592478473354e-9
2.244307782932168e-9
2.1215152187215594e-9
2.0085407167577528e-9
1.904381308618238e-9
1.8081541036247525e-9
1.7190806482624503e-9
1.6364732940516899e-9
1.5597233794032852e-9
1.4882910167559126e-9
1.4216962818595264e-9
1.35951161742885e-9
1.3013552828177415e-9
1.2468857016659607e-9
1.1957965789511602e-9
1.1478126767211526e-9
1.1026861536669657e-9
1.0601933875855287e-9
1.020132211777957e-9
9.823195067092996e-10
9.465890970167523e-10
9.127899113939419e-10
8.807843691840751e-10
8.504469628519494e-10
8.216630100202806e-10
7.943275525768807e-10
7.683443835943105e-10
7.436251855635567e-10
7.20088765646537e-10
6.976603759728029e-10
6.762711081557825e-10
6.558573531197848e-10
6.363603182786104e-10
6.177255953292373e-10
5.999027724768609e-10
5.828450862820627e-10
5.665091083294092e-10
5.508544629010923e-10
5.358435721851319e-10
5.214414259935937e-10
5.076153733337946e-10
4.943349334943405e-10
4.815716245849772e-10
4.692990883494473e-10
4.5749154518449245e-10
4.4612647127840565e-10
4.351816744063598e-10
4.246365894469301e-10
4.144718992988028e-10
4.0466944475400204e-10
3.9521214189545273e-10
3.860839063081489e-10
3.77269583437382e-10
3.6875488471848277e-10
3.6052632845352973e-10
3.5257118569322627e-10
3.448774301497393e-10
3.3743369200033426e-10
3.302292152063031e-10
3.2325381804407344e-10
3.164978565745043e-10
3.0995219080246005e-10
3.036081533020493e-10
2.974575201038513e-10
2.9149248365921095e-10
2.8570562771354867e-10
2.8008990393580635e-10
2.746386101648134e-10
2.69345370145665e-10
2.6420411464033774e-10
2.5920906380679383e-10
2.5435471074992654e-10
2.496358061559042e-10
2.4504734392893905e-10
2.4058454775625446e-10
2.3624285853317404e-10
2.3201792258581768e-10
2.2790558063398289e-10
2.2390185744139231e-10
2.200029521047117e-10
2.1620522893656928e-10
2.1250520890132908e-10
2.088995615655526e-10
2.053850975280318e-10
2.0195876129693982e-10
1.9861762458410778e-10
1.9535887998868483e-10
1.9217983504449732e-10
1.8907790660731877e-10
1.8605061556000848e-10
1.8309558181505983e-10
1.802105195955885e-10
1.7739323297712796e-10
1.7464161167386613e-10
1.7195362705408406e-10
1.693273283706441e-10
1.6676083919332659e-10
1.642523540307447e-10
1.6180013513038432e-10
1.5940250944609699e-10
1.5705786576308944e-10
1.5476465197111135e-10
1.5252141145857867e-10
1.5032662737337243e-10
1.4817894586166854e-10
1.460769808981785e-10
1.4401952960620277e-10
1.4200530063771744e-10
1.4003309002423582e-10
1.381017354904382e-10
1.3621011473086496e-10
1.3435714376926972e-10
1.3254177539612368e-10
1.3076299768004363e-10
1.2901983254916264e-10
1.273113344387099e-10
1.2563658900128676e-10
1.239947118765314e-10
1.223848475170662e-10
1.2080616806779927e-10
1.192578722958213e-10
1.1773918456830218e-10
1.1624935387594041e-10
1.1478765289965253e-10
1.1335337711832981e-10
1.1194596350783472e-10
1.1056453778559261e-10
1.092083800424397e-10
1.0787718669196784e-10
1.0657020929707115e-10
1.0528686344203407e-10
1.0402658225427496e-10
1.0278881577548138e-10
1.0157303035891713e-10
1.0037870809166461e-10
9.92053462406287e-11
9.80524567211896e-11
9.691956558745232e-11
9.580621254309438e-11
9.471195047186366e-11
9.363634498683067e-11
9.257897399754041e-11
9.153942729425689e-11
9.051730614853252e-11
8.95122229293719e-11
8.852380073429829e-11
8.755167303466524e-11
8.659548333458517e-11
8.56548848428824e-11
8.472954015750451e-11
8.381912096185211e-11
8.292330773251694e-11
8.204178945793916e-11
8.117426336752006e-11
8.032043467074917e-11
7.948001630592193e-11
7.865272869805032e-11
7.783829952557944e-11
7.703646349555061e-11
7.624696212685743e-11
7.546954354126835e-11
7.470396226189573e-11
7.394997901881065e-11
7.320736056151523e-11
7.247587947799652e-11
7.175531402010058e-11
7.104544793497258e-11
7.034607030232646e-11
6.965697537731318e-11
6.897796243876683e-11
6.830883564262243e-11
6.764940388030199e-11
6.699948064187834e-11
6.635888388383289e-11
6.572743590123308e-11
6.510496320415847e-11
6.449129639821803e-11
6.388627006900265e-11
6.328972267032517e-11
6.270149641610736e-11
6.212143717577858e-11
6.154939437305481e-11
6.09852208879757e-11
6.042877296207862e-11
5.98799101065965e-11
5.933849501356827e-11
5.880439346975878e-11
5.827747427328504e-11
5.775761544165526e-11
5.724468171554234e-11
5.67385538887401e-11
5.623911202455443e-11
5.574623881813266e-11
5.5259819527424004e-11
5.4779741906243404e-11
5.430589613936914e-11
5.383817477960031e-11
5.3376472686710145e-11
5.2920686968227365e-11
5.24706864255381e-11
5.202643186840621e-11
5.1587798014932815e-11
5.115469040339824e-11
5.0727016549115286e-11
5.0304685894958164e-11
4.9887609763330726e-11
4.947570130952557e-11
4.906887547642857e-11
4.8667048950525094e-11
4.827014011916419e-11
4.787806902904105e-11
4.749075734585678e-11
4.710812831511935e-11
4.67301067240468e-11
4.635661886453899e-11
4.5987592497183363e-11
4.562295681626113e-11
4.5262641120692114e-11
4.490658016678429e-11
4.455470574228962e-11
4.4206952445259304e-11
4.386325614642762e-11
4.352355395959581e-11
4.318778421281733e-11
4.285588642035975e-11
4.252780125541937e-11
4.220347052356551e-11
4.1882837136892276e-11
4.1565845088856676e-11
4.12524394297813e-11
4.0942566243003244e-11
4.063617262164803e-11
4.033320664601146e-11
4.0033617361529714e-11
3.973735475732211e-11
3.944436974528777e-11
3.9154614139741104e-11
3.8868040637569675e-11
3.8584602798899835e-11
3.8304255028254015e-11
3.80269525561874e-11
3.775265142138804e-11
3.748130845322886e-11
3.721288125475706e-11
3.6947328186109306e-11
3.668460834834078e-11
3.6424681567655354e-11
3.616750838002619e-11
3.59130500161963e-11
3.566126838704672e-11
3.5412126069323916e-11
3.516558629171515e-11
3.492161292126249e-11
3.468017045010623e-11
3.444122398254837e-11
3.420473922242776e-11
3.3970682460797374e-11
3.3739020563897115e-11
3.350972096141238e-11
3.328275163501178e-11
3.3058081107155934e-11
3.283567843016998e-11
3.261551317557354e-11
3.239755542365984e-11
3.218177575331862e-11
3.1968145232095586e-11
3.175663540648257e-11
3.154721829243189e-11
3.133986636608957e-11
3.1134550088057754e-11
3.093124777929519e-11
3.072993075987356e-11
3.0530573258134026e-11
3.033314991936119e-11
3.013763579771265e-11
2.994400634832982e-11
2.975223741962632e-11
2.956230524574846e-11
2.9374186439204184e-11
2.918785798365567e-11
2.9003297226871777e-11
2.882048187383602e-11
2.8639389980006483e-11
2.8459999944723366e-11
2.8282290504761357e-11
2.8106240728021963e-11
2.7931830007363456e-11
2.7759038054564423e-11
2.7587844894417906e-11
2.7418230858952426e-11
2.725017658177765e-11
2.708366299255047e-11
2.6918671311560073e-11
2.6755183044427255e-11
2.6593179976917056e-11
2.643264416986071e-11
2.627355795418458e-11
2.6115903926043875e-11
2.5959664942058293e-11
2.5804824114647288e-11
2.5651364807462254e-11
2.549927063091414e-11
2.5348525437792907e-11
2.5199113318978537e-11
2.5051018599239223e-11
2.4904225833116576e-11
2.4758719800894975e-11
2.4614485504652743e-11
2.4471508164394232e-11
2.4329773214260212e-11
2.4189266298814656e-11
2.4049973269406836e-11
2.3911880180606348e-11
2.3774973286710103e-11
2.3639239038318145e-11
2.3504664078979073e-11
2.3371235241901278e-11
2.3238939546729672e-11
2.3107764196386206e-11
2.2977696573972706e-11
2.2848724239734413e-11
2.272083492808333e-11
2.2594016544679636e-11
2.2468257163569958e-11
2.2343545024381467e-11
2.221986852957009e-11
2.2097216241722385e-11
2.1975576880908995e-11
2.1854939322089324e-11
2.1735292592565657e-11
2.161662586948632e-11
2.1498928477396355e-11
2.1382189885834615e-11
2.1266399706976642e-11
2.115154769332206e-11
2.1037623735425578e-11
2.0924617859670865e-11
2.0812520226085827e-11
2.0701321126199192e-11
2.059101098093691e-11
2.0481580338557516e-11
2.0373019872626385e-11
2.0265320380026824e-11
2.015847277900842e-11
2.0052468107271077e-11
1.994729752008433e-11
1.984295228844105e-11
1.973942379724513e-11
1.963670354353173e-11
1.9534783134720484e-11
1.9433654286899867e-11
1.9333308823142914e-11
1.923373867185311e-11
1.91349358651403e-11
1.903689253722536e-11
1.893960092287387e-11
1.884305335585744e-11
1.8747242267442557e-11
1.8652160184906262e-11
1.8557799730078175e-11
1.846415361790811e-11
1.8371214655059307e-11
1.8278975738525905e-11
1.8187429854275162e-11
1.809657007591307e-11
1.8006389563373484e-11
1.7916881561629958e-11
1.7828039399429966e-11
1.7739856488051124e-11
1.7652326320078756e-11
1.7565442468204802e-11
1.74791983779324e-11
1.739358818182579e-11
1.7308605489158324e-11
1.7224244181436846e-11
1.7140498214570304e-11
1.7057361617786502e-11
1.6974828492567384e-11
1.6892893011601995e-11