3.4977895527424626e-10
4.056208848626939e-9
6.48182229860509e-9
7.559280293742064e-9
7.825835836072965e-9
7.659672444342795e-9
7.28254101433995e-9
6.817266266418213e-9
6.32963843087148e-9
5.853544695773995e-9
5.405270595203968e-9
4.9915091003334795e-9
4.613826841934848e-9
4.2711504654156644e-9
3.961145364385437e-9
3.680972552469125e-9
3.427695381265756e-9
3.1984890766068305e-9
2.990739769343486e-9
2.8020823747505528e-9
2.630405486544465e-9
2.4738393327631264e-9
2.3307358688151735e-9
2.199646058051817e-9
2.079297065869001e-9
1.9685707564942725e-9
1.866484120576735e-9
1.7721718369626197e-9
1.6848709433620273e-9
1.6039074755000612e-9
1.5286848841531597e-9
1.4586740255224691e-9
1.3934045258505213e-9
1.332457336242016e-9
1.2754583126896681e-9
1.2220726762028082e-9
1.1720002270300319e-9
1.1249712044544016e-9
1.0807426992089928e-9
1.0390955391725762e-9
9.99831580763576e-10
9.627713485257842e-10
9.277519739861183e-10
8.946253921572021e-10
8.632567602373118e-10
8.335230682911955e-10
8.053119161208766e-10
7.785204342806007e-10
7.530543303607836e-10
7.288270443708418e-10
7.057589992101705e-10
6.837769344909437e-10
6.628133131034824e-10
6.42805791792701e-10
6.236967479448661e-10
6.054328559821856e-10
5.879647073045711e-10
5.712464690650494e-10
5.552355770736537e-10
5.398924590893605e-10
5.251802850986475e-10
5.110647416163212e-10
4.975138274044521e-10
4.844976683178029e-10
4.719883492557361e-10
4.5996003649129315e-10
4.48387463435321e-10
4.3724855449996533e-10
4.265215590856733e-10
4.161863213169361e-10
4.0622390850275653e-10
3.9661652280339733e-10
3.8734742027173317e-10
3.784008365726168e-10
3.697619187269779e-10
3.614166625125849e-10
3.533518545173044e-10
3.455550190979311e-10
3.3801436928975934e-10
3.307187615295275e-10
3.2365765382369757e-10
3.1682106706499626e-10
3.1019954922867154e-10
3.037841422054911e-10
2.975663510513384e-10
2.9153811545378465e-10
2.856917832343926e-10
2.8002008572204885e-10
2.745161148474837e-10
2.6917330182253364e-10
2.639853972797661e-10
2.589464527589948e-10
2.540508034370385e-10
2.492930520060029e-10
2.446680536134016e-10
2.4017090178475295e-10
2.357969152559049e-10
2.3154162564836382e-10
2.2740076592636001e-10
2.233702595793666e-10
2.194462104783085e-10
2.1562489335782792e-10
2.1190274488073153e-10
2.0827635524419258e-10
2.0474246029039805e-10
2.0129793408722395e-10
1.9793978194713063e-10
1.9466513385488402e-10
1.9147123827690994e-10
1.8835545632711175e-10
1.8531525626583306e-10
1.8234820831036424e-10
1.794519797369401e-10
1.7662433025563628e-10
1.7386310764088312e-10
1.711662436015562e-10
1.685317498757078e-10
1.6595771453606823e-10
1.6344229849337927e-10
1.6098373218553284e-10
1.5858031244128962e-10
1.5623039950811957e-10
1.5393241423440392e-10
1.5168483539688616e-10
1.4948623537055292e-10
1.4733512748864228e-10
1.4523018483902132e-10
1.4317004897830469e-10
1.411535409670393e-10
1.3917939515502675e-10
1.3724643153275349e-10
1.3535351095417845e-10
1.334995334477207e-10
1.3168343660826126e-10
1.2990419406574082e-10
1.2816081402621076e-10
1.2645233788143426e-10
1.2477783888337954e-10
1.2313642088016122e-10
1.215272171101884e-10
1.1994938905147655e-10
1.1840212532325004e-10
1.1688464063713442e-10
1.1539617479539296e-10
1.1393599173380915e-10
1.1250337860694941e-10
1.11097644913675e-10
1.0971823883402882e-10
1.0836430348365931e-10
1.070351332795951e-10
1.057304306767976e-10
1.0444946213205938e-10
1.0319165485953761e-10
1.0195645326741486e-10
1.0074331834154928e-10
9.955172705477465e-11
9.838117180064044e-11
9.723115985044018e-11
9.610121283243791e-11
9.499086623226202e-11
9.389966891348679e-11
9.282718265747357e-11
9.177298172159273e-11
9.073665241498932e-11
8.971779269110112e-11
8.87160117561767e-11
8.773092969307737e-11
8.676217709968576e-11
8.580939474127538e-11
8.48722332162269e-11
8.395035263450901e-11
8.304342230837012e-11
8.215112045471125e-11
8.127313390863985e-11
8.040915784772612e-11
7.955889552650641e-11
7.872205802080124e-11
7.789836398143407e-11
7.708753939695911e-11
7.628931736502041e-11
7.550343787198911e-11
7.472964758053295e-11
7.396769962479709e-11
7.321735341288402e-11
7.247837443633631e-11
7.175053408634104e-11
7.10336094763844e-11
7.032738327110057e-11
6.963164352106664e-11
6.894618350331019e-11
6.82708015673046e-11
6.760530098623537e-11
6.69494898133342e-11
6.630318074308396e-11
6.566619097710493e-11
6.503834209454463e-11
6.441945992679852e-11
6.380937443639567e-11
6.320791959989347e-11
6.261493329462947e-11
6.20302571891857e-11
6.145373663742682e-11
6.088522057598057e-11
6.032456142503097e-11
5.977161499230497e-11
5.922624038013324e-11
5.868829989547519e-11
5.8157658962798245e-11
5.7634186039710555e-11
5.711775253524665e-11
5.660823889436631e-11
5.610551254940304e-11
5.560945666635414e-11
5.5119953695265795e-11
5.46368886656518e-11
5.416014911882827e-11
5.368962504230917e-11
5.3225208806195673e-11
5.2766795101486253e-11
5.23142808802446e-11
5.1867565297559615e-11
5.1426519765669876e-11
5.0991105874224915e-11
5.056120083443564e-11
5.01367120643706e-11
4.971754891978788e-11
4.9303622645648464e-11
4.8894846329040445e-11
4.849113485346599e-11
4.809240485444764e-11
4.7698574676409625e-11
4.730956433079281e-11
4.692529545536312e-11
4.6545691274674206e-11
4.617067656164846e-11
4.5800177600238265e-11
4.543412214913465e-11
4.507243940648941e-11
4.471505997561754e-11
4.436191456239032e-11
4.401293922146526e-11
4.3668067098018045e-11
4.3327234091598634e-11
4.299037734911369e-11
4.2657435235799844e-11
4.232834730698227e-11
4.2003054280594575e-11
4.1681498010436516e-11
4.1363621460146535e-11
4.104936867786813e-11
4.0738684771588404e-11
4.043151588512864e-11
4.0127809174767447e-11
3.982751278647723e-11
3.9530575833755827e-11
3.923694837603526e-11
3.894658139765141e-11
3.8659426787356516e-11
3.8375437318360243e-11
3.8094566628882046e-11
3.7816769203201726e-11
3.754200035319175e-11
3.727021620031925e-11
3.7001373658102394e-11
3.673543041500961e-11
3.6472344917787386e-11
3.621207635520572e-11
3.59545846422088e-11
3.5699830404459004e-11
3.544777496326365e-11
3.519838032087399e-11
3.4951609146144485e-11
3.470742476054437e-11
3.4465791124510016e-11
3.4226672824129356e-11
3.39900350581491e-11
3.375584362529567e-11
3.352406491190143e-11
3.3294665879827505e-11
3.3067614054675554e-11
3.284287751428027e-11
3.262042487747504e-11
3.2400225293123515e-11
3.21822484294096e-11
3.196646446337962e-11
3.175284407072899e-11
3.154135841582758e-11
3.133197914197687e-11
3.1124678361893564e-11
3.091942864841248e-11
3.0716203025404375e-11
3.051497254130539e-11
3.0315715948487224e-11
3.011840513775207e-11
2.992301485029716e-11
2.9729520235965895e-11
2.9537896845338167e-11
2.934812062199805e-11
2.916016789497576e-11
2.897401537135806e-11
2.8789640129064022e-11
2.8607019609780914e-11
2.8426131612057022e-11
2.8246954284546675e-11
2.8069466119404347e-11
2.7893645945823358e-11
2.7719472923716595e-11
2.754692653753433e-11
2.7375986590216922e-11
2.720663319727859e-11
2.7038846781018994e-11
2.6872608064859264e-11
2.6707898067800268e-11
2.654469809899871e-11
2.6382989752460025e-11
2.622275490184314e-11
2.6063975695376402e-11
2.5906634550880474e-11
2.5750714150896307e-11
2.559619743791559e-11
2.5443067609711338e-11
2.5291308114765794e-11
2.5140902647793757e-11
2.499183514535894e-11
2.484408978158082e-11
2.4697650963930867e-11
2.4552503329114356e-11
2.4408631739037556e-11
2.426602127685716e-11
2.4124657243110156e-11
2.3984525151922785e-11
2.3845610727296427e-11
2.370789989946824e-11
2.357137880134563e-11
2.343603376501227e-11
2.3301851318304566e-11
2.316881818145562e-11
2.3036921263807377e-11
2.2906147660587433e-11
2.2776484649749748e-11
2.2647919688878103e-11
2.2520440412150643e-11
2.2394034627363706e-11
2.226869031301446e-11
2.2144395615440504e-11
2.20211388460149e-11
2.189890847839627e-11
2.1777693145831636e-11
2.165748163851211e-11
2.1538262900978906e-11
2.142002602957974e-11
2.130276026997359e-11
2.1186455014683544e-11
2.1071099800696166e-11
2.09566843071065e-11
2.0843198352807805e-11
2.0730631894224953e-11
2.061897502309061e-11
2.0508217964263407e-11
2.039835107358671e-11
2.028936483578783e-11
2.018124986241626e-11
2.0073996889820207e-11
1.996759677716112e-11
1.9862040504464292e-11
1.975731917070614e-11
1.9653423991936376e-11
1.9550346299434644e-11
1.9448077537901067e-11
1.934660926367995e-11
1.9245933143015437e-11
1.9146040950339542e-11
1.9046924566590556e-11
1.8948575977562356e-11
1.885098727228323e-11
1.8754150641424e-11
1.8658058375734557e-11
1.8562702864508677e-11
1.846807659407587e-11
1.8374172146320442e-11
1.8280982197226624e-11
1.818849951544961e-11
1.8096716960911744e-11
1.8005627483423618e-11
1.7915224121329227e-11
1.7825500000175076e-11
1.7736448331402396e-11
1.7648062411062356e-11
1.7560335618553527e-11
1.7473261415381305e-11
1.7386833343938905e-11
1.7301045026309184e-11
1.7215890163087526e-11
1.7131362330211555e-11
1.7047455777007445e-11
1.6964164239924065e-11
1.6881481722226252e-11
1.679940230010035e-11
1.671792012159255e-11
1.6637029405565292e-11
1.6556724440671125e-11