4.931563587219536e-8
8.249140571802355e-8
7.345025795114791e-8
6.031698113864457e-8
4.855230287954635e-8
3.8995762785360396e-8
3.1456449959127165e-8
2.5550695998324146e-8
2.0916673305565187e-8
1.7260386860347287e-8
1.435476989258217e-8
1.202763760740687e-8
1.014904401715665e-8
8.620759242823446e-9
7.368168457399929e-9
6.3342287759448996e-9
5.475016545524127e-9
4.756456592351709e-9
4.151915494993888e-9
3.6404228904379814e-9
3.2053492828216508e-9
2.833416727331002e-9
2.513953448538104e-9
2.2383282852618434e-9
1.999518565915467e-9
1.7917776582374404e-9
1.6103774855556532e-9
1.4514078086669885e-9
1.3116187775186025e-9
1.1882966795594864e-9
1.0791653170561998e-9
9.823072913754878e-10
8.961008406509769e-10
8.191688981813308e-10
7.503378053639842e-10
6.886036918342825e-10
6.331049752831703e-10
5.830997694644248e-10
5.379472471060177e-10
4.970922038888801e-10
4.600522245341082e-10
4.264069729002976e-10
3.957892227746874e-10
3.678773207200454e-10
3.4238883143290616e-10
3.1907516305908316e-10
2.9771700740625835e-10
2.781204600603831e-10
2.6011370959883273e-10
2.435442046328351e-10
2.28276223257574e-10
2.1418878237339855e-10
2.0117383487372766e-10
1.8913471130643282e-10
1.779847697157906e-10
1.6764622320132277e-10
1.580491195702413e-10
1.4913045146382412e-10
1.4083337867231642e-10
1.3310654713394073e-10
1.2590349143689256e-10
1.1918210959784504e-10
1.1290420052460342e-10
1.0703505595625927e-10
1.0154309983925845e-10
9.639956908849885e-11
9.157823051820793e-11
8.705512944569744e-11
8.280836607367684e-11
7.881789628289684e-11
7.506535390635975e-11
7.15338919403192e-11
6.820804047575152e-11
6.507357941580506e-11
6.211742428559097e-11
5.932752365731843e-11
5.669276689055743e-11
5.420290104290198e-11
5.184845595843066e-11
4.9620676638105964e-11
4.751146212033787e-11
4.5513310180279495e-11
4.3619267237399676e-11
4.182288293393349e-11
4.0118168902510667e-11
3.849956129956728e-11
3.6961886725115544e-11
3.550033119180841e-11
3.4110411843837746e-11
3.2787951156654396e-11
3.1529053377424157e-11
3.0330082994246425e-11
2.918764503734621e-11
2.809856704641235e-11
2.7059882543379195e-11
2.6068815875668898e-11
2.512276830286961e-11
2.4219305216207516e-11
2.335614438701598e-11
2.2531145154732606e-11
2.1742298470935348e-11
2.0987717724870718e-11
2.0265630281434554e-11
1.9574369674527983e-11
1.8912368394289507e-11
1.8278150875752554e-11
1.767032907462567e-11
1.708759328457275e-11
1.6528710333982986e-11
1.599251695202345e-11
1.5477915577092997e-11
1.4983870146152837e-11
1.4509402185212538e-11
1.405358717680147e-11
1.3615551183032575e-11
1.3194467706560171e-11
1.2789554766531242e-11
1.2400072178766251e-11
1.2025319018976173e-11
1.1664631259550024e-11
1.1317379564924022e-11
1.098296723371394e-11
1.0660828278211202e-11
1.035042562918495e-11
1.005124945786817e-11
9.762815608471603e-12
9.484664128790314e-12
9.21635789780116e-12
8.957481336958891e-12
8.707639205997682e-12
8.466455472203636e-12
8.233572249878079e-12
8.008648805847044e-12
7.791360626250116e-12
7.581398538496442e-12
7.37846788864133e-12
7.182287766247146e-12
6.992590275982201e-12
6.8091198533622584e-12
6.631632616986347e-12
6.459895772424895e-12
6.293687019491526e-12
6.132794034432368e-12
5.977013950894977e-12
5.826152884330638e-12
5.680025479116619e-12
5.538454482736672e-12
5.401270343066199e-12
5.268310827853809e-12
5.139420666142396e-12
5.0144512084715345e-12
4.8932601058060794e-12
4.775711006668207e-12
4.661673268913606e-12
4.551021688843426e-12
4.4436362433790954e-12
4.339401846457342e-12
4.238208118441535e-12
4.139949167098188e-12
4.044523380076927e-12
3.951833228520347e-12
3.86178508025327e-12
3.774289023012979e-12
3.689258696229681e-12
3.6066111315166904e-12
3.5262666013621315e-12
3.4481484749630216e-12
3.372183080907032e-12
3.2982995789410903e-12
3.226429834324866e-12
3.1565083012058683e-12
3.088471911005481e-12
3.022259965240669e-12
2.957814034651053e-12
2.8950778628169e-12
2.8339972738929095e-12
2.7745200854596147e-12
2.7165960245794894e-12
2.6601766493085042e-12
2.605215271310639e-12
2.551666885291226e-12
2.4994880988498203e-12
2.4486370669513286e-12
2.399073429772756e-12
2.3507582518270774e-12
2.303653965598312e-12
2.2577243159703166e-12
2.212934309109021e-12
2.1692501617581522e-12
2.126639253569952e-12
2.085070082328771e-12
2.044512219602074e-12
2.0049362693131252e-12
1.96631382796673e-12
1.9286174465655074e-12
1.8918205935361084e-12
1.8558976211509683e-12
1.8208237304340944e-12
1.7865749402670314e-12
1.7531280562764566e-12
1.7204606417429471e-12
1.6885509888590849e-12
1.6573780927904086e-12
1.6269216245690872e-12
1.597161907194064e-12
1.5680798914717914e-12
1.539657133519577e-12
1.5118757724497317e-12
1.4847185096756432e-12
1.4581685887840941e-12
1.4322097761658231e-12
1.4068263419485833e-12
1.382003043322334e-12
1.3577251063224838e-12
1.333978209619324e-12
1.310748469370614e-12
1.2880224231939899e-12
1.2657870162167211e-12
1.2440295865120267e-12
1.2227378520962335e-12
1.2018998976456444e-12
1.1815041621578685e-12
1.161539426961498e-12
1.1419948041312451e-12
1.1228597256169751e-12
1.1041239320279082e-12
1.0857774625223115e-12
1.0678106456720418e-12
1.0502140890098429e-12
1.0329786699533896e-12
1.0160955272730593e-12
9.995560526777248e-13
9.833518822505252e-13
9.674748881393162e-13
9.519171729836952e-13
9.36671059299975e-13
9.21729084982019e-13
9.070839959674118e-13
8.927287386138278e-13
8.786564546026206e-13
8.648604740492216e-13
8.513343100871793e-13
8.380716524634964e-13
8.250663628578071e-13
8.123124690248773e-13
7.998041598958824e-13
7.875357805019559e-13
7.755018273401576e-13
7.636969435837852e-13
7.521159146603218e-13
7.407536644799701e-13
7.296052499012074e-13
7.186658585389265e-13
7.079308033111786e-13
6.973955197765418e-13
6.870555616475846e-13
6.769065978851237e-13
6.669444091888444e-13
6.571648845337866e-13
6.475640180437757e-13
6.381379062813412e-13
6.288827446932521e-13
6.197948250541972e-13
6.108705326876532e-13
6.021063440391648e-13
5.934988234603045e-13
5.8504462105721e-13
5.767404704512962e-13
5.685831861151907e-13
5.60569660755251e-13
5.52696864228982e-13
5.449618401221383e-13
5.373617045523537e-13
5.298936436431073e-13
5.225549118961562e-13
5.153428302425854e-13
5.082547838070513e-13
5.012882212264859e-13
4.944406513850481e-13
4.877096429013802e-13
4.810928221318006e-13
4.745878718801858e-13
4.681925294884205e-13
4.619045853135547e-13
4.557218817189536e-13
4.4964231148502683e-13
4.436638166238153e-13
4.377843864692007e-13
4.320020573469393e-13
4.2631491040053077e-13
4.207210715515674e-13
4.1521870875745796e-13
4.0980603264648926e-13
4.04481293991275e-13
3.9924278356349555e-13
3.9408883049446474e-13
3.890178018399818e-13
3.840281013429491e-13
3.7911816839439686e-13
3.7428647704910596e-13
3.6953153565648545e-13
3.6485188532079493e-13
3.602460997041591e-13
3.5571278368350477e-13
3.512505730538883e-13
3.46858132883681e-13
3.425341582082503e-13
3.3827737188260355e-13
3.340865247243446e-13
3.2996039437540546e-13
3.258977850942792e-13
3.2189752658355893e-13
3.1795847404104025e-13
3.140795063207075e-13
3.1025952719023523e-13
3.0649746285522127e-13
3.0279226264786874e-13
2.9914289816466473e-13
2.955483624594042e-13
2.920076696681927e-13
2.8851985449752274e-13
2.8508397195794617e-13
2.816990967452315e-13
2.7836432291315166e-13
2.750787623632405e-13
2.718415465296698e-13
2.6865182383963475e-13
2.6550876015790215e-13
2.624115392068283e-13
2.593593604314865e-13
2.563514397183068e-13
2.5338700934009633e-13
2.504653167219162e-13
2.475856243083909e-13
2.447472091476608e-13
2.419493639646144e-13
2.391913940561835e-13
2.364726192904313e-13
2.3379237320312325e-13
2.311500023024855e-13
2.285448656614721e-13
2.2597633572535944e-13
2.2344379662676885e-13
2.2094664458356318e-13
2.1848428801323805e-13
2.1605614651401327e-13
2.1366165124652788e-13
2.113002436818674e-13
2.089713768649751e-13
2.0667451385986054e-13
2.0440912864955137e-13
2.021747045908381e-13
1.9997073514038998e-13
1.9779672347648003e-13
1.9565218227120112e-13
1.9353663324558012e-13
1.914496072336911e-13
1.8939064373763228e-13
1.8735929079212137e-13
1.8535510684981972e-13
1.8337765501253478e-13
1.8142650949214061e-13
1.795012507353002e-13
1.7760146813437273e-13
1.7572675788975932e-13
1.7387672389100285e-13
1.7205097731661815e-13
1.7024913671109067e-13
1.6847082697578681e-13
1.6671568070606594e-13
1.6498333618675084e-13
1.632734391597045e-13
1.6158564126638363e-13
1.5991960066000118e-13
1.5827498147993396e-13
1.5665145421903878e-13
1.5504869475222898e-13
1.5346638523088347e-13
1.5190421322597162e-13
1.5036187190259953e-13
1.4883905982816173e-13
1.4733548116776096e-13
1.4585084483372316e-13
1.443848654275327e-13
1.4293726205150908e-13
1.4150775892926316e-13
1.4009608518633046e-13
1.387019745527742e-13
1.373251652951003e-13
1.3596540052191507e-13
1.3462242761699937e-13
1.332959981521174e-13
1.319858683667017e-13
1.306917982851796e-13
1.2941355203030682e-13
1.281508984035906e-13
1.2690360935603776e-13
1.2567146114352625e-13
1.2445423340414157e-13
1.2325171025723367e-13
1.2206367886787437e-13