1.0151157318684554e-7
3.0360586549825955e-7
4.157244827350412e-7
4.835939428747385e-7
5.229951009213174e-7
5.435801897205614e-7
5.516168974486505e-7
5.512591449452278e-7
5.452999797520318e-7
5.356404475214664e-7
5.235877045250007e-7
5.100477224449734e-7
4.956518382946625e-7
4.808411312997917e-7
4.6592349295301333e-7
4.511127439053822e-7
4.365557735973011e-7
4.223515783741525e-7
4.085647487926853e-7
3.952351082688183e-7
3.8238465393662156e-7
3.700225874518454e-7
3.58148981109663e-7
3.4675746087828567e-7
3.358371759725752e-7
3.253742472795499e-7
3.1535283279431894e-7
3.0575591030839564e-7
2.965658503829082e-7
2.877648332884401e-7
2.79335149545446e-7
2.7125941349211566e-7
2.635207118292627e-7
2.561027035789303e-7
2.489896838096033e-7
2.4216662043661507e-7
2.3561917112919944e-7
2.2933368564254578e-7
2.232971976014442e-7
2.1749740878347499e-7
2.1192266820695058e-7
2.0656194776292873e-7
2.0140481569919408e-7
1.9644140893504952e-7
1.9166240493254997e-7
1.8705899365862686e-7
1.8262285002379444e-7
1.7834610707154826e-7
1.7422133010652185e-7
1.7024149188404633e-7
1.6639994893536253e-7
1.6269041906483102e-7
1.591069600292385e-7
1.5564394938726755e-7
1.522960654950945e-7
1.4905826961140755e-7
1.4592578906976397e-7
1.428941014711288e-7
1.3995891984698672e-7
1.371161787424041e-7
1.343620211679423e-7
1.3169278637098723e-7
1.29104998377273e-7
1.2659535525582456e-7
1.2416071906207866e-7
1.2179810641654407e-7
1.1950467967724907e-7
1.1727773866983793e-7
1.1511471293508625e-7
1.1301315446377347e-7
1.1097073088430881e-7
1.0898521907380172e-7
1.0705449916470156e-7
1.051765489208229e-7
1.0334943845752892e-7
1.015713252845312e-7
9.98404496487912e-8
9.815513015822476e-8
9.651375966812721e-8
9.491480141215055e-8
9.335678536271337e-8
9.18383048056468e-8
9.03580131146712e-8
8.891462071384916e-8
8.750689221486747e-8
8.613364371870744e-8
8.479374027099938e-8
8.34860934611149e-8
8.220965915639357e-8
8.096343536291246e-8
7.974646020431314e-8
7.855781001292343e-8
7.73965975237469e-8
7.626197016827545e-8
7.515310845897635e-8
7.406922446100052e-8
7.300956034476768e-8
7.197338701569137e-8
7.096000281483929e-8
6.996873228829927e-8
6.899892501961325e-8
6.804995452270858e-8
6.712121719037952e-8
6.621213129771676e-8
6.532213605401689e-8
6.445069070340562e-8
6.359727366942338e-8
6.27613817424006e-8
6.1942529305956e-8
6.114024760217143e-8
6.035408403088197e-8
5.9583601484083566e-8
5.882837771166444e-8
5.8088004717009755e-8
5.736208818053024e-8
5.665024691197739e-8
5.595211232574886e-8
5.526732794331345e-8
5.45955489157128e-8
5.3936441569559e-8
5.328968297335402e-8
5.2654960522685256e-8
5.2031971545064073e-8
5.1420422921375833e-8
5.082003072397251e-8
5.023051986708785e-8
4.9651623801540875e-8
4.90830841465339e-8
4.852465043915552e-8
4.7976079819312015e-8
4.7437136757725155e-8
4.6907592789807786e-8
4.638722626181382e-8
4.5875822087597014e-8
4.537317151395207e-8
4.487907189809625e-8
4.439332649222363e-8
4.3915744237614975e-8
4.344613956771541e-8
4.2984332218017065e-8
4.25301470439487e-8
4.208341384730398e-8
4.164396720756134e-8
4.1211646320508266e-8
4.078629484473917e-8
4.03677607516861e-8
3.9955896183413157e-8
3.9550557314880695e-8
3.9151604221372946e-8
3.875890075208677e-8
3.837231440779936e-8
3.7991716222132725e-8
3.761698065000067e-8
3.724798545691132e-8
3.688461161513676e-8
3.652674320188043e-8
3.61742673022249e-8
3.5827073915491573e-8
3.548505586428532e-8
3.514810870794308e-8
3.481613065777913e-8
3.448902249704453e-8
3.416668750198517e-8
3.384903136681408e-8
3.3535962130948466e-8
3.32273901090986e-8
3.292322782330846e-8
3.262338993662539e-8
3.2327793192874544e-8
3.2036356352541734e-8
3.174900013542692e-8
3.1465647164182185e-8
3.118622190827274e-8
3.0910650631567656e-8
3.0638861341212776e-8
3.037078373753074e-8
3.010634916656382e-8
2.984549057296158e-8
2.9588142456773186e-8
2.9334240827472333e-8
2.9083723164907685e-8
2.8836528376609047e-8
2.8592596759055076e-8
2.835186996055636e-8
2.8114290943033143e-8
2.787980394833376e-8
2.764835445966388e-8
2.741988917387891e-8
2.7194355964833173e-8
2.6971703853051546e-8
2.6751882976709852e-8
2.653484455983437e-8
2.6320540886980887e-8
2.6108925271238993e-8
2.5899952033027874e-8
2.5693576465830946e-8
2.5489754821585043e-8
2.528844427706493e-8
2.5089602914987337e-8
2.4893189699410593e-8
2.4699164454158328e-8
2.4507487839806802e-8
2.4318121335057665e-8
2.4131027214280133e-8
2.3946168526197373e-8
2.3763509079044856e-8
2.358301341919819e-8
2.3404646812789506e-8
2.3228375228632445e-8
2.305416532148502e-8
2.2881984414964317e-8
2.2711800484371517e-8
2.254358214378118e-8
2.2377298627983638e-8
2.221291977821188e-8
2.2050416029457893e-8
2.1889758394185475e-8
2.1730918450512858e-8
2.1573868327241855e-8
2.141858069252672e-8
2.1265028740301937e-8
2.1113186178408573e-8
2.09630272169119e-8
2.0814526556314454e-8
2.0667659376747196e-8
2.0522401326133138e-8
2.0378728509215074e-8
2.023661748010783e-8
2.009604522950964e-8
1.9956989173770163e-8
1.9819427148434875e-8
1.9683337397805592e-8
1.95486985650865e-8
1.941548968418967e-8
1.928369017169376e-8
1.915327981651495e-8
1.9024238773175832e-8
1.8896547554922265e-8
1.8770187022814368e-8
1.8645138381502624e-8
1.8521383169618285e-8
1.8398903254258708e-8
1.8277680821645137e-8
1.8157698372969964e-8
1.8038938715949993e-8
1.7921384958973052e-8
1.7805020504696392e-8
1.7689829043810374e-8
1.757579454890465e-8
1.7462901268465366e-8
1.735113372304219e-8
1.7240476694953694e-8
1.7130915228878472e-8
1.7022434621618423e-8
1.6915020420074105e-8
1.680865841371831e-8
1.670333463126546e-8
1.6599035335683938e-8
1.649574701902972e-8
1.6393456397530178e-8
1.6292150408489344e-8
1.6191816204001322e-8
1.6092441147663344e-8
1.5994012810457222e-8
1.589651897147828e-8
1.5799947590802796e-8
1.5704286849517683e-8
1.560952510366204e-8
1.5515650901043546e-8
1.542265297186554e-8
1.533052022954593e-8
1.523924176229085e-8
1.5148806832974133e-8
1.5059204874053518e-8
1.4970425485301903e-8
1.4882458430538338e-8
1.479529363274176e-8
1.4708921175786247e-8
1.4623331294617006e-8
1.4538514377529772e-8
1.4454460961301324e-8
1.437116173006479e-8
1.4288607512080096e-8
1.4206789270893978e-8
1.4125698111964537e-8
1.4045325279787839e-8
1.3965662147680263e-8
1.3886700219251774e-8
1.3808431128615503e-8
1.3730846633559526e-8
1.3653938618847434e-8
1.3577699086357045e-8
1.3502120161091008e-8
1.3427194082475734e-8
1.3352913206621957e-8
1.3279270000637938e-8
1.3206257044518968e-8
1.3133867026624649e-8
1.3062092742149537e-8
1.2990927090618563e-8
1.2920363076309224e-8
1.2850393803492038e-8
1.2781012477554551e-8
1.271221240066749e-8
1.2643986972667792e-8
1.2576329684892963e-8
1.2509234125744838e-8
1.2442693972110771e-8
1.2376702991704203e-8
1.2311255039685132e-8
1.2246344059177793e-8
1.2181964077244529e-8
1.211810920676268e-8
1.2054773638976024e-8
1.1991951651474045e-8
1.1929637596998392e-8
1.186782590859623e-8
1.1806511097104164e-8
1.1745687747306932e-8
1.1685350519156051e-8
1.1625494145023431e-8
1.156611343014816e-8
1.150720325077848e-8
1.144875855389366e-8
1.1390774350220875e-8
1.1333245724543076e-8
1.1276167822895901e-8
1.1219535857110278e-8
1.1163345107061482e-8
1.1107590911171544e-8
1.105226867059361e-8
1.099737385065159e-8
1.0942901974863592e-8
1.088884862487302e-8
1.0835209439553265e-8
1.0781980122009227e-8
1.072915642283421e-8
1.0676734152102528e-8
1.0624709175686026e-8
1.0573077412461664e-8
1.0521834830840184e-8
1.0470977457368049e-8
1.0420501365043242e-8
1.0370402678178003e-8
1.0320677572869358e-8
1.0271322272396154e-8
1.022233304985107e-8
1.0173706221427697e-8
1.0125438154989548e-8
1.0077525261167667e-8
1.0029963999799913e-8
9.982750874808113e-9
9.935882424284982e-9
9.889355236300728e-9
9.843165951686954e-9
9.79731123941792e-9
9.751787813988046e-9
9.706592429981017e-9
9.661721885232794e-9
9.617173013253126e-9
9.57294268790252e-9
9.529027824329006e-9
9.485425368033182e-9
9.44213231043695e-9
9.399145672959484e-9
9.356462516180488e-9
9.314079936026254e-9
9.271995064272288e-9
9.230205063859518e-9
9.188707137413915e-9
9.147498513853198e-9
9.106576462050872e-9
9.065938279491667e-9
9.025581297180144e-9
8.985502877420236e-9
8.94570041506284e-9
8.906171332201367e-9
8.866913085068308e-9
8.827923157840316e-9
8.789199064681868e-9
8.750738348237078e-9
8.712538581631141e-9
8.674597363365101e-9
8.63691232324548e-9
8.599481115280566e-9
8.562301421807327e-9
8.525370952595097e-9
8.48868744296449e-9
8.452248653270233e-9
8.416052371977272e-9
8.380096411436325e-9
8.344378607590593e-9
8.308896824026915e-9
8.27364894546255e-9
8.238632880277704e-9
8.203846565729941e-9
8.169287955807971e-9
8.134955031273113e-9
8.100845791639902e-9
8.066958265140593e-9
8.03329049731313e-9