4.931563587219536e-8
8.249140571802355e-8
7.34502579511479e-8
6.031698113864457e-8
4.8552302879546354e-8
3.8995762785360396e-8
3.1456449959127165e-8
2.5550695998324146e-8
2.0916673305565183e-8
1.7260386860347294e-8
1.435476989258217e-8
1.202763760740687e-8
1.014904401715665e-8
8.620759242823442e-9
7.368168457399929e-9
6.3342287759448996e-9
5.475016545524127e-9
4.75645659235171e-9
4.151915494993887e-9
3.6404228904379814e-9
3.2053492828216508e-9
2.833416727331002e-9
2.513953448538104e-9
2.2383282852618434e-9
1.999518565915467e-9
1.79177765823744e-9
1.6103774855556532e-9
1.4514078086669885e-9
1.3116187775186023e-9
1.1882966795594864e-9
1.0791653170561998e-9
9.823072913754874e-10
8.961008406509769e-10
8.191688981813308e-10
7.503378053639842e-10
6.886036918342823e-10
6.331049752831703e-10
5.830997694644247e-10
5.379472471060177e-10
4.970922038888801e-10
4.600522245341082e-10
4.264069729002976e-10
3.957892227746873e-10
3.6787732072004535e-10
3.423888314329062e-10
3.1907516305908316e-10
2.9771700740625835e-10
2.781204600603831e-10
2.6011370959883273e-10
2.435442046328351e-10
2.2827622325757402e-10
2.1418878237339855e-10
2.0117383487372766e-10
1.891347113064329e-10
1.7798476971579058e-10
1.6764622320132277e-10
1.580491195702413e-10
1.4913045146382412e-10
1.4083337867231637e-10
1.3310654713394078e-10
1.2590349143689258e-10
1.1918210959784504e-10
1.1290420052460342e-10
1.0703505595625927e-10
1.0154309983925844e-10
9.639956908849887e-11
9.157823051820794e-11
8.705512944569746e-11
8.280836607367683e-11
7.881789628289681e-11
7.506535390635974e-11
7.15338919403192e-11
6.820804047575152e-11
6.507357941580506e-11
6.211742428559097e-11
5.932752365731846e-11
5.669276689055742e-11
5.420290104290198e-11
5.1848455958430653e-11
4.9620676638105977e-11
4.751146212033787e-11
4.5513310180279495e-11
4.361926723739967e-11
4.1822882933933505e-11
4.0118168902510667e-11
3.849956129956727e-11
3.6961886725115544e-11
3.5500331191808396e-11
3.411041184383774e-11
3.278795115665438e-11
3.1529053377424144e-11
3.033008299424643e-11
2.918764503734622e-11
2.8098567046412353e-11
2.7059882543379198e-11
2.6068815875668898e-11
2.5122768302869614e-11
2.421930521620752e-11
2.3356144387015977e-11
2.2531145154732606e-11
2.1742298470935348e-11
2.098771772487071e-11
2.0265630281434557e-11
1.9574369674527983e-11
1.8912368394289513e-11
1.8278150875752557e-11
1.767032907462567e-11
1.708759328457275e-11
1.6528710333982986e-11
1.599251695202345e-11
1.5477915577093e-11
1.4983870146152837e-11
1.4509402185212545e-11
1.4053587176801473e-11
1.361555118303257e-11
1.3194467706560173e-11
1.2789554766531239e-11
1.240007217876625e-11
1.2025319018976176e-11
1.1664631259550026e-11
1.1317379564924022e-11
1.098296723371394e-11
1.0660828278211202e-11
1.0350425629184947e-11
1.0051249457868174e-11
9.762815608471605e-12
9.484664128790314e-12
9.21635789780116e-12
8.957481336958886e-12
8.707639205997685e-12
8.466455472203636e-12
8.233572249878077e-12
8.008648805847041e-12
7.791360626250118e-12
7.581398538496442e-12
7.37846788864133e-12
7.182287766247146e-12
6.992590275982201e-12
6.8091198533622584e-12
6.631632616986349e-12
6.459895772424896e-12
6.293687019491526e-12
6.132794034432368e-12
5.977013950894977e-12
5.826152884330638e-12
5.680025479116619e-12
5.538454482736672e-12
5.401270343066199e-12
5.268310827853809e-12
5.139420666142396e-12
5.014451208471536e-12
4.893260105806078e-12
4.775711006668206e-12
4.661673268913606e-12
4.551021688843426e-12
4.4436362433790954e-12
4.339401846457344e-12
4.238208118441535e-12
4.1399491670981895e-12
4.044523380076927e-12
3.951833228520347e-12
3.861785080253269e-12
3.774289023012981e-12
3.689258696229681e-12
3.6066111315166924e-12
3.5262666013621307e-12
3.4481484749630216e-12
3.372183080907032e-12
3.2982995789410907e-12
3.226429834324866e-12
3.1565083012058683e-12
3.088471911005481e-12
3.022259965240669e-12
2.9578140346510524e-12
2.8950778628169e-12
2.833997273892909e-12
2.7745200854596147e-12
2.7165960245794894e-12
2.6601766493085042e-12
2.6052152713106397e-12
2.5516668852912262e-12
2.4994880988498195e-12
2.4486370669513294e-12
2.399073429772755e-12
2.3507582518270765e-12
2.303653965598312e-12
2.2577243159703174e-12
2.212934309109021e-12
2.1692501617581526e-12
2.126639253569951e-12
2.0850700823287715e-12
2.044512219602073e-12
2.0049362693131244e-12
1.9663138279667294e-12
1.9286174465655066e-12
1.8918205935361084e-12
1.8558976211509687e-12
1.8208237304340944e-12
1.7865749402670314e-12
1.7531280562764566e-12
1.720460641742947e-12
1.688550988859085e-12
1.6573780927904084e-12
1.6269216245690872e-12
1.597161907194064e-12
1.568079891471791e-12
1.5396571335195767e-12
1.511875772449732e-12
1.4847185096756428e-12
1.4581685887840941e-12
1.4322097761658231e-12
1.4068263419485833e-12
1.3820030433223344e-12
1.3577251063224838e-12
1.333978209619324e-12
1.310748469370614e-12
1.2880224231939897e-12
1.2657870162167213e-12
1.2440295865120263e-12
1.2227378520962335e-12
1.2018998976456448e-12
1.1815041621578685e-12
1.1615394269614985e-12
1.1419948041312455e-12
1.1228597256169755e-12
1.1041239320279082e-12
1.0857774625223113e-12
1.0678106456720418e-12
1.0502140890098435e-12
1.0329786699533896e-12
1.0160955272730591e-12
9.995560526777248e-13
9.833518822505252e-13
9.674748881393162e-13
9.519171729836952e-13
9.36671059299975e-13
9.217290849820192e-13
9.070839959674116e-13
8.927287386138278e-13
8.786564546026206e-13
8.648604740492216e-13
8.513343100871793e-13
8.380716524634963e-13
8.250663628578073e-13
8.123124690248772e-13
7.998041598958825e-13
7.875357805019558e-13
7.755018273401578e-13
7.636969435837852e-13
7.521159146603218e-13
7.407536644799702e-13
7.296052499012074e-13
7.186658585389267e-13
7.079308033111785e-13
6.973955197765419e-13
6.870555616475844e-13
6.769065978851237e-13
6.669444091888442e-13
6.571648845337865e-13
6.475640180437757e-13
6.381379062813412e-13
6.288827446932522e-13
6.197948250541972e-13
6.10870532687653e-13
6.021063440391647e-13
5.934988234603045e-13
5.8504462105721e-13
5.767404704512962e-13
5.685831861151906e-13
5.605696607552509e-13
5.526968642289822e-13
5.449618401221383e-13
5.373617045523539e-13
5.298936436431072e-13
5.225549118961562e-13
5.153428302425855e-13
5.082547838070514e-13
5.012882212264858e-13
4.944406513850483e-13
4.877096429013804e-13
4.810928221318006e-13
4.745878718801858e-13
4.681925294884205e-13
4.619045853135547e-13
4.557218817189536e-13
4.4964231148502683e-13
4.436638166238153e-13
4.3778438646920057e-13
4.320020573469393e-13
4.263149104005308e-13
4.207210715515674e-13
4.1521870875745796e-13
4.098060326464892e-13
4.0448129399127496e-13
3.9924278356349555e-13
3.9408883049446474e-13
3.890178018399817e-13
3.8402810134294933e-13
3.791181683943969e-13
3.7428647704910586e-13
3.6953153565648545e-13
3.64851885320795e-13
3.6024609970415916e-13
3.5571278368350477e-13
3.5125057305388835e-13
3.4685813288368093e-13
3.425341582082503e-13
3.3827737188260355e-13
3.340865247243446e-13
3.2996039437540546e-13
3.258977850942792e-13
3.2189752658355893e-13
3.1795847404104015e-13
3.140795063207075e-13
3.102595271902354e-13
3.0649746285522127e-13
3.027922626478687e-13
2.9914289816466473e-13
2.955483624594042e-13
2.920076696681928e-13
2.8851985449752284e-13
2.8508397195794617e-13
2.816990967452315e-13
2.7836432291315176e-13
2.750787623632405e-13
2.7184154652966993e-13
2.6865182383963475e-13
2.6550876015790225e-13
2.624115392068283e-13
2.593593604314865e-13
2.563514397183068e-13
2.5338700934009633e-13
2.504653167219162e-13
2.475856243083909e-13
2.447472091476608e-13
2.419493639646144e-13
2.391913940561835e-13
2.3647261929043136e-13
2.3379237320312325e-13
2.311500023024856e-13
2.2854486566147217e-13
2.2597633572535944e-13
2.2344379662676885e-13
2.2094664458356318e-13
2.184842880132381e-13
2.1605614651401332e-13
2.1366165124652793e-13
2.113002436818674e-13
2.089713768649751e-13
2.0667451385986054e-13
2.044091286495513e-13
2.0217470459083808e-13
1.9997073514039003e-13
1.9779672347648003e-13
1.9565218227120112e-13
1.9353663324558012e-13
1.9144960723369115e-13
1.8939064373763226e-13
1.873592907921214e-13
1.8535510684981972e-13
1.8337765501253478e-13
1.8142650949214054e-13
1.795012507353002e-13
1.7760146813437273e-13
1.7572675788975932e-13
1.738767238910029e-13
1.7205097731661815e-13
1.7024913671109067e-13
1.6847082697578684e-13
1.667156807060659e-13
1.649833361867508e-13
1.6327343915970456e-13
1.6158564126638363e-13
1.5991960066000116e-13
1.5827498147993396e-13
1.566514542190387e-13
1.5504869475222896e-13
1.5346638523088347e-13
1.5190421322597162e-13
1.5036187190259953e-13
1.4883905982816165e-13
1.4733548116776096e-13
1.4585084483372314e-13
1.4438486542753263e-13
1.4293726205150905e-13
1.415077589292631e-13
1.4009608518633043e-13
1.387019745527742e-13
1.373251652951003e-13
1.3596540052191507e-13
1.3462242761699937e-13
1.332959981521174e-13
1.3198586836670166e-13
1.306917982851796e-13
1.294135520303068e-13
1.2815089840359057e-13
1.2690360935603776e-13
1.256714611435262e-13
1.2445423340414157e-13
1.2325171025723364e-13
1.2206367886787437e-13