2.3279205000039177e-8
7.747526976952544e-8
1.1545640088654451e-7
1.4350129294713849e-7
1.6355724408651597e-7
1.7733441845867191e-7
1.8628202078315382e-7
1.915652182728199e-7
1.9409363449552085e-7
1.9456665895596226e-7
1.935180159765285e-7
1.9135363884845384e-7
1.88381888994327e-7
1.848369449830959e-7
1.808966366910975e-7
1.7669595185560478e-7
1.723372425281384e-7
1.6789794105013838e-7
1.6343640474676523e-7
1.5899635576473046e-7
1.546102648771568e-7
1.5030193944313588e-7
1.4608850962271136e-7
1.4198195791557103e-7
1.3799030075177182e-7
1.341185039456681e-7
1.303691937443558e-7
1.2674321033779844e-7
1.2324003947054657e-7
1.1985814942723984e-7
1.1659525432284371e-7
1.134485198307655e-7
1.1041472383126617e-7
1.074903816723722e-7
1.0467184359575148e-7
1.019553702311148e-7
9.933719078842908e-8
9.681354758774962e-8
9.438072979626436e-8
9.203509864003607e-8
8.977310588609496e-8
8.759130701933526e-8
8.548637024605711e-8
8.345508222486447e-8
8.149435124174076e-8
7.960120840109844e-8
7.777280728803155e-8
7.600642246488775e-8
7.429944709123731e-8
7.264938989704279e-8
7.105387169180032e-8
6.951062155401927e-8
6.80174728154431e-8
6.657235892915599e-8
6.517330929211222e-8
6.38184450758325e-8
6.250597510702601e-8
6.123419182948986e-8
6.000146737056174e-8
5.880624972896029e-8
5.7647059095509505e-8
5.652248431454521e-8
5.543117949011124e-8
5.437186073884662e-8
5.334330308931528e-8
5.234433752622385e-8
5.1373848176260904e-8
5.043076963288446e-8
4.951408441405757e-8
4.8622820549926824e-8
4.7756049294303636e-8
4.691288295504435e-8
4.60924728381359e-8
4.5294007300231524e-8
4.4516709904104086e-8
4.375983767245392e-8
4.30226794345695e-8
4.2304554261246564e-8
4.160480998348476e-8
4.09228217900868e-8
4.025799090026958e-8
3.96097433070871e-8
3.897752858755461e-8
3.836081877623782e-8
3.775910729832308e-8
3.717190795917153e-8
3.6598753987095086e-8
3.603919712628064e-8
3.549280677724382e-8
3.495916918209014e-8
3.4437886651812814e-8
3.3928576833934254e-8
3.3430872017156205e-8
3.294441847234456e-8
3.24688758265028e-8
3.200391646877019e-8
3.154922498619515e-8
3.110449762810518e-8
3.066944179679956e-8
3.024377556395723e-8
2.9827227210660564e-8
2.941953479022063e-8
2.902044571194486e-8
2.8629716345827377e-8
2.8247111645605733e-8
2.7872404790482258e-8
2.7505376843652837e-8
2.7145816427305382e-8
2.6793519412665327e-8
2.6448288625035285e-8
2.6109933561996827e-8
2.5778270125321093e-8
2.545312036506535e-8
2.513431223533021e-8
2.4821679360929748e-8
2.4515060815426823e-8
2.4214300908119733e-8
2.3919248981823008e-8
2.3629759218480886e-8
2.3345690454140735e-8
2.3066906001976787e-8
2.2793273482793085e-8
2.2524664663380657e-8
2.2260955301468726e-8
2.200202499732235e-8
2.1747757050160675e-8
2.1498038333202728e-8
2.1252759141196552e-8
2.10118130882576e-8
2.0775096977529454e-8
2.054251068905623e-8
2.031395706987175e-8
2.0089341829080086e-8
1.9868573437231205e-8
1.965156302913842e-8
1.9438224311683882e-8
1.922847347445309e-8
1.9022229104251254e-8
1.88194121033488e-8
1.8619945610394312e-8
1.842375492466718e-8
1.8230767433823205e-8
1.8040912543603287e-8
1.7854121610548225e-8
1.76703278779731e-8
1.748946641334215e-8
1.731147404887173e-8
1.7136289323951395e-8
1.6963852429687914e-8
1.679410515600774e-8
1.662699084042803e-8
1.6462454318293572e-8
1.6300441876027757e-8
1.6140901204680165e-8
1.598378135636134e-8
1.582903270147377e-8
1.567660688794059e-8
1.5526456801846e-8
1.5378536529178757e-8
1.523280131942099e-8
1.5089207549863392e-8
1.4947712691905467e-8
1.480827527778694e-8
1.4670854868964544e-8
1.4535412025427122e-8
1.4401908276203062e-8
1.4270306090675307e-8
1.4140568850566261e-8
1.401266082452199e-8
1.3886547140992838e-8
1.3762193764003283e-8
1.3639567469277706e-8
1.351863582052508e-8
1.3399367147264348e-8
1.3281730523181156e-8
1.3165695744907185e-8
1.3051233311918652e-8
1.293831440656593e-8
1.282691087576778e-8
1.2716995211498094e-8
1.2608540534240253e-8
1.250152057485771e-8
1.2395909658157535e-8
1.2291682687136784e-8
1.2188815126740946e-8
1.2087282989566774e-8
1.1987062819447562e-8
1.1888131679709054e-8
1.1790467137561754e-8
1.1694047251208193e-8
1.1598850557505102e-8
1.1504856058419153e-8
1.1412043210267186e-8
1.1320391910071188e-8
1.1229882486558354e-8
1.1140495685523805e-8
1.1052212663658604e-8
1.0965014974180468e-8
1.0878884558802312e-8
1.0793803737237004e-8
1.070975519799998e-8
1.0626721988587907e-8
1.054468750754241e-8
1.046363549485884e-8
1.0383550022882672e-8
1.0304415489993044e-8
1.0226216611466068e-8
1.014893841162337e-8
1.0072566216540865e-8
9.997085646899831e-9
9.922482610684799e-9
9.848743295839699e-9
9.775854164759006e-9
9.703801946557932e-9
9.632573630971067e-9
9.5621564629335e-9
9.492537935606684e-9
9.423705785328385e-9
9.355647985201322e-9
9.288352740248637e-9
9.221808481601357e-9
9.156003861416264e-9
9.090927747874327e-9
9.026569220132451e-9
8.962917563695151e-9
8.899962265341956e-9
8.837693008425567e-9
8.77609966968814e-9
8.715172313773992e-9
8.654901188540818e-9
8.595276722300494e-9
8.536289519340241e-9
8.477930355695574e-9
8.420190175638033e-9
8.363060088226789e-9
8.30653136287416e-9
8.250595426460824e-9
8.195243860384666e-9
8.14046839587327e-9
8.086260912177607e-9
8.032613432443052e-9
7.97951812134532e-9
7.92696728107525e-9
7.874953349560526e-9
7.823468896835335e-9
7.772506622527597e-9
7.722059353109262e-9
7.672120039217228e-9
7.622681753018116e-9
7.573737685628837e-9
7.525281145472394e-9
7.4773055538471e-9
7.4298044451889495e-9
7.382771462665003e-9
7.336200357307122e-9
7.290084984773169e-9
7.2444193039168754e-9
7.199197374643019e-9
7.154413355685185e-9
7.110061502490947e-9
7.066136165892371e-9
7.022631789399716e-9
6.979542907788468e-9
6.936864145327427e-9
6.894590216097826e-9
6.8527159122922305e-9
6.811236121488845e-9
6.770145806784042e-9
6.72944001405162e-9
6.6891138679027646e-9
6.649162572041928e-9
6.609581405635492e-9
6.570365723262143e-9
6.531510952722662e-9
6.493012594063571e-9
6.454866218169251e-9
6.417067464656437e-9
6.37961204262429e-9
6.3424957264190294e-9
6.30571435661851e-9
6.269263837933285e-9
6.2331401387229296e-9
6.197339289604423e-9
6.1618573796396425e-9
6.126690559194569e-9
6.091835038700938e-9
6.057287084248876e-9
6.023043018223983e-9
5.989099219398095e-9
5.955452119984733e-9
5.922098207063201e-9
5.889034018325622e-9
5.856256144669804e-9
5.8237612264465455e-9
5.791545954434978e-9
5.7596070673897514e-9
5.727941352856326e-9
5.696545645220145e-9
5.665416825047079e-9
5.634551818003088e-9
5.603947595036279e-9
5.573601170323859e-9
5.543509601756823e-9
5.513669989070456e-9
5.484079474225011e-9
5.454735238745952e-9
5.425634506123649e-9
5.396774538112624e-9
5.368152635740826e-9
5.3397661378515566e-9
5.311612421326432e-9
5.283688899348256e-9
5.255993022210313e-9
5.2285222741028394e-9
5.201274176554655e-9
5.17424628360413e-9
5.147436184021732e-9
5.120841500224241e-9
5.094459886617108e-9
5.06828903011978e-9
5.042326648980348e-9
5.016570492967765e-9
4.991018342569885e-9
4.965668008872873e-9
4.94051733054816e-9
4.915564178298754e-9
4.890806449335376e-9
4.866242069335572e-9
4.841868993413446e-9
4.817685202021763e-9
4.793688702756475e-9
4.7698775309772535e-9
4.7462497472285935e-9
4.722803437209385e-9
4.699536711386153e-9
4.676447708012974e-9
4.65353458590768e-9
4.6307955296249976e-9
4.608228747866883e-9
4.585832472277175e-9
4.563604955943373e-9
4.54154447710716e-9
4.5196493341228645e-9
4.497917847554802e-9
4.476348360379655e-9
4.454939236000042e-9
4.433688859379396e-9
4.412595634145199e-9
4.3916579862853495e-9
4.37087436030676e-9
4.350243222012891e-9
4.329763056293347e-9
4.309432362844813e-9
4.289249662991969e-9
4.269213500888207e-9
4.249322432891257e-9
4.229575035061686e-9
4.209969900818789e-9
4.1905056423046954e-9
4.171180887114018e-9
4.151994280311186e-9
4.132944484834056e-9
4.114030176775374e-9
4.0952500520994836e-9
4.076602819771155e-9
4.058087205708685e-9
4.0397019511377135e-9
4.021445812807574e-9
4.003317560969849e-9
3.985315983053758e-9
3.967439877886838e-9
3.949688061590054e-9
3.9320593626824e-9
3.914552624198313e-9
3.8971667027290925e-9
3.879900468960676e-9
3.8627528053843934e-9
3.845722609272172e-9
3.828808790003074e-9
3.812010269944577e-9
3.795325983801331e-9
3.778754879478283e-9
3.762295915877332e-9
3.745948065455429e-9
3.729710311158936e-9
3.713581648203833e-9
3.6975610836885655e-9
3.6816476357818705e-9
3.6658403334991608e-9
3.6501382180294203e-9
3.634540340911917e-9
3.6190457639091898e-9
3.603653560754697e-9
3.588362814341921e-9
3.5731726178167003e-9
3.558082076826896e-9
3.543090304280764e-9
3.528196424679539e-9
3.5133995706565442e-9
3.4986988872765762e-9
3.484093527111125e-9