3.872179846536764e-10
6.949687245630984e-9
1.5688608509539707e-8
2.4290892646186084e-8
3.1907242771020826e-8
3.827612864438505e-8
4.340091845437913e-8
4.7396538429082925e-8
5.041533465842166e-8
5.2612257948041925e-8
5.412971818710096e-8
5.509216176228918e-8
5.5605303369580103e-8
5.575743624023717e-8
5.5621528912068536e-8
5.5257479831561116e-8
5.471424238441186e-8
5.403170631693236e-8
5.324230717547915e-8
5.237237539184648e-8
5.144325316979588e-8
5.047221209544023e-8
4.94732035633416e-8
4.845747088482611e-8
4.7434047945851475e-8
4.6410165313902e-8
4.539158105665159e-8
4.43828504338553e-8
4.3387545968457855e-8
4.240843723642749e-8
4.144763793060306e-8
4.050672630775177e-8
3.958684395865846e-8
3.8688776897547204e-8
3.7813022207471346e-8
3.695984286620976e-8
3.612931288439148e-8
3.532135448999195e-8
3.4535768772571265e-8
3.377226094120145e-8
3.303046114003701e-8
3.230994159506726e-8
3.161023072711357e-8
3.093082475349785e-8
3.027119720860316e-8
2.9630806738637933e-8
2.900910346408786e-8
2.8405534152969856e-8
2.7819546406406882e-8
2.725059202377237e-8
2.669812968655412e-8
2.6161627076588477e-8
2.564056252521768e-8
2.5134426273568688e-8
2.46427214112905e-8
2.416496454959642e-8
2.3700686275518e-8
2.3249431426491978e-8
2.281075921798292e-8
2.2384243251516883e-8
2.1969471425920523e-8
2.1566045770971897e-8
2.1173582219322195e-8
2.0791710330038207e-8
2.0420072974818326e-8
2.0058325996164567e-8
1.9706137844975165e-8
1.936318920433744e-8
1.902917260402822e-8
1.8703792030765967e-8
1.8386762537257604e-8
1.8077809853027496e-8
1.777666999936034e-8
1.7483088910216437e-8
1.7196822060429757e-8
1.691763410255375e-8
1.6645298512991327e-8
1.6379597248139833e-8
1.6120320411058377e-8
1.5867265928783248e-8
1.562023924060316e-8
1.537905299730657e-8
1.514352677126885e-8
1.4913486777478875e-8
1.4688765605139653e-8
1.446920195978609e-8
1.4254640415629947e-8
1.404493117783442e-8
1.3839929854511003e-8
1.363949723812054e-8
1.3443499095855377e-8
1.325180596897994e-8
1.3064292980342438e-8
1.2880839650354317e-8
1.2701329720542398e-8
1.2525650984752028e-8
1.2353695127489071e-8
1.2185357569309953e-8
1.2020537318666037e-8
1.185913683029151e-8
1.1701061869556979e-8
1.1546221382735952e-8
1.1394527372660005e-8
1.1245894780005663e-8
1.1100241369349622e-8
1.0957487620333306e-8
1.0817556623338741e-8
1.068037397971593e-8
1.0545867706114822e-8
1.041396814306436e-8
1.0284607867149026e-8
1.0157721607157555e-8
1.0033246163674168e-8
9.911120331999385e-9
9.791284828190755e-9
9.67368221851512e-9
9.558256851369568e-9
9.44495479254777e-9
9.333723762662176e-9
9.224513077450325e-9
9.117273590473405e-9
9.011957638027211e-9
8.908518986486356e-9
8.806912781596385e-9
8.707095499790588e-9
8.609024900790478e-9
8.512659987496916e-9
8.417960953304209e-9
8.324889150457388e-9
8.233407045625406e-9
8.143478182742679e-9
8.055067146250565e-9
7.968139525967238e-9
7.88266188331333e-9
7.798601718556261e-9
7.71592743976172e-9
7.634608332546673e-9
7.554614531120869e-9
7.475916990542374e-9
7.398487459791177e-9
7.322298455936578e-9
7.2473232394959154e-9
7.173535790341872e-9
7.100910784612025e-9
7.029423572775371e-9
6.959050158018733e-9
6.889767175803261e-9
6.821551873949538e-9
6.75438209350429e-9
6.688236250349754e-9
6.623093317405821e-9
6.55893280747114e-9
6.495734756736963e-9
6.433479708752575e-9
6.372148699144468e-9
6.3117232406533e-9
6.252185308863839e-9
6.193517328404428e-9
6.13570215949061e-9
6.0787230851374475e-9
6.022563798565129e-9
5.96720839134636e-9
5.912641341629527e-9
5.858847502965704e-9
5.8058120934538065e-9
5.753520685269753e-9
5.7019591945104495e-9
5.651113871173118e-9
5.600971290238212e-9
5.551518341885676e-9
5.502742222915698e-9
5.454630428227124e-9
5.407170742329585e-9
5.360351231402421e-9
5.31416023558047e-9
5.268586361302315e-9
5.223618474130877e-9
5.179245691554647e-9
5.135457376446296e-9
5.0922431299674185e-9
5.04959278569424e-9
5.007496403016624e-9
4.965944261222506e-9
4.924926853833581e-9
4.884434882690574e-9
4.84445925273125e-9
4.80499106645473e-9
4.7660216187683275e-9
4.727542392265966e-9
4.689545052041206e-9
4.6520214413501395e-9
4.614963576616526e-9
4.578363643606734e-9
4.542213992339018e-9
4.506507133954805e-9
4.471235735147711e-9
4.436392616209392e-9
4.401970745519776e-9
4.367963236745655e-9
4.334363344955332e-9
4.301164463421048e-9
4.268360119389193e-9
4.235943972116714e-9
4.203909808544733e-9
4.172251540726727e-9
4.1409632026344035e-9
4.110038947380021e-9
4.079473044158416e-9
4.049259875576963e-9
4.019393935031787e-9
3.989869824003362e-9
3.960682249320019e-9
3.931826021198759e-9
3.903296050315829e-9
3.8750873455665035e-9
3.84719501210685e-9
3.819614248713527e-9
3.7923403459614746e-9
3.765368683803055e-9
3.738694729816734e-9
3.712314037020684e-9
3.686222241989867e-9
3.6604150630230597e-9
3.634888298233906e-9
3.609637823868791e-9
3.5846595923775565e-9
3.5599496306664417e-9
3.5355040389762997e-9
3.5113189887893828e-9
3.487390721030012e-9
3.4637155451327323e-9
3.4402898373349647e-9
3.4171100390812296e-9
3.3941726557281386e-9
3.3714742552681366e-9
3.3490114666303064e-9
3.326780978628084e-9
3.304779538887762e-9
3.283003952016683e-9
3.261451079001347e-9
3.2401178356203393e-9
3.2190011915845826e-9
3.1980981689823183e-9
3.1774058416753573e-9
3.1569213338935266e-9
3.1366418193080195e-9
3.116564519990526e-9
3.0966867054180204e-9
3.077005691466657e-9
3.0575188394452706e-9
3.038223555520535e-9
3.019117288939485e-9
3.0001975322650153e-9
2.981461819612508e-9
2.962907726387117e-9
2.944532868005885e-9
2.926334899406383e-9
2.9083115142227704e-9
2.890460443942459e-9
2.8727794570995836e-9
2.8552663588052668e-9
2.8379189896816797e-9
2.8207352253511643e-9
2.8037129757679766e-9
2.786850185449757e-9
2.770144828520813e-9
2.7535949162538316e-9
2.7371984885851718e-9
2.7209536173314428e-9
2.704858404529148e-9
2.6889109826683107e-9
2.6731095132046137e-9
2.6574521866151163e-9
2.6419372215245097e-9
2.6265628643610095e-9
2.6113273888207247e-9
2.596229095020822e-9
2.5812663098981398e-9
2.5664373854473628e-9
2.5517406992054868e-9
2.53717465341253e-9
2.5227376748631678e-9
2.5084282143670383e-9
2.4942447451588363e-9
2.4801857641937495e-9
2.466249791665692e-9
2.452435369159726e-9
2.4387410599833434e-9
2.4251654492525505e-9
2.411707142675269e-9
2.398364767214033e-9
2.3851369692997203e-9
2.372022415996856e-9
2.3590197934308897e-9
2.3461278072537132e-9
2.3333451816294817e-9
2.3206706596291105e-9
2.308103002430606e-9
2.295640989075493e-9
2.283283416042745e-9
2.2710290973663643e-9
2.2588768637880145e-9
2.246825563003375e-9
2.234874058892236e-9
2.2230212317183667e-9
2.211265977017113e-9
2.199607206664605e-9
2.1880438473147834e-9
2.176574840867363e-9
2.165199143870796e-9
2.153915727649651e-9
2.142723577585804e-9
2.1316216934973887e-9
2.1206090882818446e-9
2.1096847894285424e-9
2.0988478369668353e-9
2.0880972844447774e-9
2.0774321984960266e-9
2.0668516581461345e-9
2.056354755064994e-9
2.0459405930845197e-9
2.03560828830113e-9
2.0253569687540485e-9
2.0151857744015905e-9
2.0050938558396645e-9
1.9950803762471487e-9
1.9851445090203167e-9
1.9752854386388764e-9
1.965502361114585e-9
1.955794482231471e-9
1.946161018353742e-9
1.9366011967132426e-9
1.9271142543086362e-9
1.9176994379192322e-9
1.9083560039559394e-9
1.899083219779007e-9
1.889880360598898e-9
1.8807467117330093e-9
1.8716815679289185e-9
1.862684232865439e-9
1.853754018521963e-9
1.8448902467963377e-9
1.8360922473426154e-9
1.8273593584954493e-9
1.8186909273725928e-9
1.8100863090299217e-9
1.8015448669650412e-9
1.793065971888622e-9
1.784649003325893e-9
1.7762933479775536e-9
1.7679984009281525e-9
1.7597635647102579e-9
1.7515882474676168e-9
1.7434718659119202e-9
1.7354138458569008e-9
1.7274136176388776e-9
1.7194706193710687e-9
1.7115842959437901e-9
1.7037540996181107e-9
1.6959794886360548e-9
1.6882599280918439e-9
1.6805948901266628e-9
1.6729838518965816e-9
1.6654262984849033e-9
1.6579217199442544e-9
1.6504696130184897e-9
1.6430694804363044e-9
1.635720831018069e-9
1.628423178810316e-9
1.6211760446845367e-9
1.613978953849955e-9
1.6068314384090762e-9
1.5997330352509674e-9
1.5926832869759872e-9
1.5856817414901786e-9
1.5787279522463667e-9
1.5718214772619768e-9
1.564961880416916e-9
1.5581487302999485e-9
1.5513816006048545e-9
1.5446600698513296e-9
1.537983721767646e-9
1.5313521443468634e-9
1.5247649309579616e-9
1.5182216790302486e-9
1.5117219908285568e-9
1.5052654732931553e-9
1.4988517376961092e-9
1.492480399551519e-9
1.4861510791946255e-9
1.479863401001576e-9
1.4736169933409436e-9
1.4674114893345605e-9
1.4612465256484703e-9
1.455121742974865e-9
1.4490367870041913e-9
1.4429913061714742e-9
1.4369849535311324e-9
1.4310173852691887e-9
1.4250882625640415e-9
1.4191972494668128e-9