1.0144724296127804e-7
3.027259760854551e-7
4.141040251103204e-7
4.814574971726088e-7
5.205348510816743e-7
5.409382118238325e-7
5.488930817779403e-7
5.48521942667701e-7
5.425953702517478e-7
5.329986141981715e-7
5.210278087139065e-7
5.075812660083473e-7
4.932850207805045e-7
4.785765018295741e-7
4.6376110963108493e-7
4.490509891330532e-7
4.3459192823731574e-7
4.2048222622460205e-7
4.0678606113925297e-7
3.935430433420716e-7
3.8077509577480533e-7
3.6849144149895405e-7
3.56692238870991e-7
3.453712424379004e-7
3.345177566910896e-7
3.241180732234689e-7
3.1415652818522525e-7
3.046162793728627e-7
2.9547987532912505e-7
2.8672966966084604e-7
2.7834811986337757e-7
2.70317999826521e-7
2.626225477872876e-7
2.552455660311664e-7
2.481714845958602e-7
2.413853982135248e-7
2.3487308346985936e-7
2.28621001459636e-7
2.226162899370906e-7
2.1684674798878417e-7
2.1130081551957902e-7
2.0596754928083193e-7
2.0083659674156356e-7
1.9589816877674014e-7
1.911430118952349e-7
1.865623805401425e-7
1.8214800984626003e-7
1.778920891286054e-7
1.7378723629026506e-7
1.6982647327278082e-7
1.6600320262403662e-7
1.6231118522088431e-7
1.587445191575747e-7
1.552976197890292e-7
1.5196520090590818e-7
1.4874225700574834e-7
1.4562404661900854e-7
1.426060766438056e-7
1.3968408764052202e-7
1.368540400365248e-7
1.3411210119061616e-7
1.3145463326848705e-7
1.288781818806091e-7
1.26379465436392e-7
1.2395536516991616e-7
1.2160291579514288e-7
1.1931929674928969e-7
1.1710182398870133e-7
1.1494794229738082e-7
1.1285521807848541e-7
1.1082133259452607e-7
1.0884407562729338e-7
1.0692133952988051e-7
1.0505111364494099e-7
1.0323147906415378e-7
1.0146060370758928e-7
9.973673770067305e-8
9.805820902964866e-8
9.642341945758512e-8
9.483084068298818e-8
9.327901072597678e-8
9.176653052701185e-8
9.029206074386411e-8
8.885431873511027e-8
8.745207571708419e-8
8.608415408396994e-8
8.474942488039134e-8
8.344680541667344e-8
8.217525701820526e-8
8.093378290041821e-8
7.972142616094031e-8
7.85372678832307e-8
7.73804253423226e-8
7.625005030967994e-8
7.514532744806814e-8
7.406547279302966e-8
7.30097323146613e-8
7.19773805559931e-8
7.096771934180006e-8
6.998007655565095e-8
6.901380497958431e-8
6.80682811938715e-8
6.714290453194421e-8
6.623709608990998e-8
6.535029778421028e-8
6.448197145767302e-8
6.36315980292301e-8
6.279867668615417e-8
6.198272411513736e-8
6.118327377182636e-8
6.03998751842167e-8
5.96320932909606e-8
5.8879507810797096e-8
5.814171264165031e-8
5.741831528748091e-8
5.6708936313750627e-8
5.601320882571463e-8
5.533077797368317e-8
5.4661300478218965e-8
5.400444417869399e-8
5.3359887602038524e-8
5.272731955025119e-8
5.2106438707436476e-8
5.14969532633432e-8
5.0898580553451754e-8
5.031104671127463e-8
4.973408636490598e-8
4.9167442270452725e-8
4.8610865063261414e-8
4.806411294436865e-8
4.7526951409996286e-8
4.699915298684263e-8
4.6480496979593527e-8
4.59707692289679e-8
4.5469761878295077e-8
4.4977273152174595e-8
4.449310714216465e-8
4.4017073601911985e-8
4.354898775138706e-8
4.3088670087600574e-8
4.263594620351491e-8
4.219064661535539e-8
4.175260659479514e-8
4.13216660083627e-8
4.089766916480804e-8
4.048046466580777e-8
4.00699052645209e-8
3.966584772853838e-8
3.9268152707972193e-8
3.887668460968134e-8
3.849131147555481e-8
3.811190486433226e-8
3.7738339740655974e-8
3.737049436488104e-8
3.700825018976623e-8
3.6651491759141284e-8
3.630010661132774e-8
3.595398518595648e-8
3.561302073344883e-8
3.5277109228889416e-8
3.4946149287674854e-8
3.4620042085863394e-8
3.4298691281607736e-8
3.3982002940474485e-8
3.3669885463086593e-8
3.336224951541556e-8
3.305900796131934e-8
3.276007579633289e-8
3.246537008791428e-8
3.217480991148572e-8
3.188831629343202e-8
3.160581215483448e-8
3.13272222558114e-8
3.105247314318968e-8
3.0781493099784377e-8
3.051421209437649e-8
3.025056173457155e-8
2.999047521989463e-8
2.9733887298736017e-8
2.9480734222610525e-8
2.923095370729575e-8
2.898448489031611e-8
2.874126829239016e-8
2.8501245780487316e-8
2.826436052976845e-8
2.8030556990072703e-8
2.7799780847469533e-8
2.757197899674703e-8
2.7347099504878123e-8
2.7125091580832603e-8
2.6905905546697685e-8
2.6689492806002674e-8
2.6475805818520775e-8
2.626479806842342e-8
2.605642404314809e-8
2.585063919927457e-8
2.5647399948023312e-8
2.5446663621740012e-8
2.5248388455103937e-8
2.5052533560629663e-8
2.4859058907185806e-8
2.4667925297076e-8
2.4479094347501124e-8
2.4292528468191343e-8
2.41081908401744e-8
2.3926045401018322e-8
2.3746056823538987e-8
2.3568190497492226e-8
2.3392412512574693e-8
2.3218689641759725e-8
2.3046989324279107e-8
2.2877279648520784e-8
2.2709529339181544e-8
2.2543707739272475e-8
2.2379784795911147e-8
2.221773104769543e-8
2.2057517608475183e-8
2.1899116155592392e-8
2.1742498914962422e-8
2.1587638649808818e-8
2.1434508647134828e-8
2.1283082705856463e-8
2.1133335125284225e-8
2.0985240693231172e-8
2.0838774675396735e-8
2.0693912803468354e-8
2.0550631264250365e-8
2.040890669220466e-8
2.0268716156801703e-8
2.0130037151499956e-8
1.9992847587430498e-8
1.9857125782951947e-8
1.9722850453838098e-8
1.9590000705119163e-8
1.945855602307179e-8
1.932849626495105e-8
1.9199801652243182e-8
1.9072452763852286e-8
1.8946430525215843e-8
1.8821716204073858e-8
1.8698291400969423e-8
1.8576138043678847e-8
1.845523837794101e-8
1.8335574963322117e-8
1.821713066479521e-8
1.8099888646919075e-8
1.798383236742749e-8
1.786894557108386e-8
1.7755212283506362e-8
1.7642616805217708e-8
1.7531143707835536e-8
1.742077782379027e-8
1.7311504246925957e-8
1.7203308322331732e-8
1.7096175644287547e-8
1.69900920487572e-8
1.68850436101301e-8
1.67810166361928e-8
1.667799766301086e-8
1.6575973450023685e-8
1.6474930976967085e-8
1.637485743760597e-8
1.627574023645709e-8
1.617756698469518e-8
1.608032550089343e-8
1.5984003783903837e-8
1.5888590052902997e-8
1.5794072701352835e-8
1.5700440313823228e-8
1.560768165664153e-8
1.5515785678714874e-8
1.5424741503126064e-8
1.533453842702764e-8
1.5245165916545128e-8
1.5156613604556618e-8
1.5068871287429245e-8
1.4981928920107914e-8
1.4895776617904504e-8
1.481040464667377e-8
1.4725803425088242e-8
1.4641963519792705e-8
1.455887564429104e-8
1.4476530655721578e-8
1.4394919546016736e-8
1.4314033448562482e-8
1.4233863635316858e-8
1.4154401506597068e-8
1.407563859258425e-8
1.3997566553516203e-8
1.3920177172877803e-8
1.3843462360717875e-8
1.3767414143779047e-8
1.369202467153725e-8
1.3617286207488361e-8
1.3543191131429317e-8
1.3469731933773701e-8
1.3396901217450655e-8
1.332469169338696e-8
1.3253096178987499e-8
1.3182107595632192e-8
1.3111718969115453e-8
1.3041923424877469e-8
1.2972714189148675e-8
1.2904084584617615e-8
1.283602803131747e-8
1.2768538040465502e-8
1.2701608220038445e-8
1.2635232266198315e-8
1.256940396563025e-8
1.2504117192179568e-8
1.2439365907369955e-8
1.237514415637822e-8
1.2311446069925938e-8
1.2248265856825452e-8
1.2185597811971075e-8
1.2123436305160046e-8
1.2061775786210145e-8
1.2000610782506115e-8
1.1939935895117776e-8
1.18797458000434e-8
1.1820035245467497e-8
1.1760799052209373e-8
1.1702032111846153e-8
1.1643729386489733e-8
1.1585885901747423e-8
1.1528496757102232e-8
1.1471557113049771e-8
1.1415062195654868e-8
1.135900729887059e-8
1.1303387774939334e-8
1.1248199038663674e-8
1.1193436568824542e-8
1.1139095902187748e-8
1.108517263346153e-8
1.10316624144005e-8
1.0978560960817327e-8
1.092586403579723e-8
1.087356746177001e-8
1.0821667116773149e-8
1.0770158931669966e-8
1.0719038886700791e-8
1.066830302008114e-8
1.0617947416293538e-8
1.0567968210988246e-8
1.0518361591448673e-8
1.0469123791984301e-8
1.0420251096552843e-8
1.0371739832074218e-8
1.0323586376993762e-8
1.0275787152373222e-8
1.0228338628338807e-8
1.018123731896419e-8
1.013447977235081e-8
1.0088062586450491e-8
1.004198241183965e-8
9.99623592710511e-9
9.950819856216266e-9
9.90573096312459e-9
9.860966054891534e-9
9.81652197413897e-9
9.772395603709693e-9
9.728583867628229e-9
9.685083720143144e-9
9.641892161315567e-9
9.599006221078128e-9
9.556422968429298e-9
9.51413950759655e-9
9.47215297855189e-9
9.430460552308705e-9
9.389059439488677e-9
9.347946876875587e-9
9.307120141129576e-9
9.266576537409594e-9
9.226313404294947e-9
9.186328111569438e-9
9.146618061474754e-9
9.107180683388838e-9
9.068013440750728e-9
9.029113824833793e-9
8.990479356826164e-9
8.952107586300322e-9
8.913996093223778e-9
8.876142482848862e-9
8.838544391659732e-9
8.80119948025086e-9
8.764105437459586e-9
8.727259979482661e-9
8.69066084798898e-9
8.654305809594892e-9
8.618192658960316e-9
8.582319214548886e-9
8.546683318338072e-9
8.51128283988345e-9
8.476115669788768e-9
8.44117972225638e-9
8.406472940299066e-9
8.371993283573404e-9
8.33773873845823e-9
8.303707310006983e-9
8.269897031934265e-9
8.236305955183753e-9