1.0157679085442211e-7
3.0450025185640316e-7
4.1737627878033714e-7
4.857782175423275e-7
5.255183877461108e-7
5.462989099725009e-7
5.544296891003695e-7
5.540962052965935e-7
5.481141232268754e-7
5.384004286859226e-7
5.262734326761068e-7
5.126468842490498e-7
4.981575256680252e-7
4.832501756562791e-7
4.6823529347613537e-7
4.5332844152851193e-7
4.386776676450729e-7
4.243827142415466e-7
4.105086267145694e-7
3.9709547818347325e-7
3.841653717905665e-7
3.717275154840646e-7
3.597819196803181e-7
3.483221029424447e-7
3.373370778008418e-7
3.268128108076641e-7
3.167332962578209e-7
3.070813447349736e-7
2.9783916017759866e-7
2.889887596278599e-7
2.8051227564776745e-7
2.723921710858023e-7
2.6461138833145277e-7
2.5715344963232255e-7
2.5000252092818715e-7
2.4314344858519463e-7
2.365617761165097e-7
2.3024374624798704e-7
2.2417629238487195e-7
2.1834702254886882e-7
2.127441981061782e-7
2.0735670903686483e-7
2.0217404706111817e-7
1.9718627760658142e-7
1.9238401134584765e-7
1.8775837584076037e-7
1.8330098768042288e-7
1.7900392538754245e-7
1.7485970328119728e-7
1.7086124641836477e-7
1.6700186668787243e-7
1.6327524009240267e-7
1.5967538522785514e-7
1.561966429472572e-7
1.528336571842973e-7
1.4958135689891265e-7
1.4643493910196838e-7
1.4338985291108183e-7
1.404417845871369e-7
1.375866435001752e-7
1.348205489728282e-7
1.32139817951203e-7
1.2954095345339508e-7
1.2702063374827314e-7
1.2457570221876198e-7
1.222031578665198e-7
1.1990014641576407e-7
1.1766395197972506e-7
1.1549198924910265e-7
1.1338179617210144e-7
1.1133102709111517e-7
1.0933744630647605e-7
1.0739892203906441e-7
1.0551342076540692e-7
1.036790018997527e-7
1.0189381280138472e-7
1.0015608408446046e-7
9.846412521090999e-8
9.681632034810133e-8
9.521112447301155e-8
9.36470597075849e-8
9.212271186998722e-8
9.063672722721758e-8
8.918780943711972e-8
8.777471666652916e-8
8.63962588750418e-8
8.5051295253588e-8
8.373873180782131e-8
8.245751907759973e-8
8.120664998394126e-8
7.998515779487904e-8
7.879211420440255e-8
7.762662751501158e-8
7.648784092077164e-8
7.537493088169482e-8
7.428710558593567e-8
7.322360349342487e-8
7.218369195716483e-8
7.116666591595135e-8
7.017184665625381e-8
6.919858063759352e-8
6.82462383788191e-8
6.731421340030652e-8
6.640192122145531e-8
6.550879840700051e-8
6.463430166233887e-8
6.377790697310739e-8
6.293910878783683e-8
6.211741923995936e-8
6.131236740875602e-8
6.052349861462898e-8
5.975037374970744e-8
5.899256863998259e-8
5.824967343749126e-8
5.7521292040612275e-8
5.680704154330581e-8
5.610655170750929e-8
5.5419464462785805e-8
5.4745433426206214e-8
5.4084123445846736e-8
5.343521016473459e-8
5.2798379603786326e-8
5.217332776450337e-8
5.155976024837789e-8
5.095739189304552e-8
5.03659464208417e-8
4.978515613178753e-8
4.921476153361806e-8
4.865451108978304e-8
4.8104160902804306e-8
4.7563474440828946e-8
4.7032222270123266e-8
4.651018179989692e-8
4.599713703780152e-8
4.549287835406484e-8
4.499720225782683e-8
4.45099111805962e-8
4.403081326926356e-8
4.3559722188298275e-8
4.309645692852729e-8
4.264084162419186e-8
4.2192705378473314e-8
4.1751882093988176e-8
4.131821031056643e-8
4.089153305105894e-8
4.047169767055169e-8
4.0058555713496035e-8
3.965196277528744e-8
3.925177836904664e-8
3.885786579858651e-8
3.847009203549241e-8
3.808832759978549e-8
3.771244644786571e-8
3.7342325861262835e-8
3.697784634230518e-8
3.661889151180297e-8
3.626534801153691e-8
3.5917105410163635e-8
3.5574056111837634e-8
3.5236095269246455e-8
3.490312069845594e-8
3.457503279849769e-8
3.4251734472052926e-8
3.393313105006511e-8
3.3619130218698414e-8
3.330964194896977e-8
3.3004578428651976e-8
3.2703853995458414e-8
3.2407385076696134e-8
3.211509012474835e-8
3.182688955951977e-8
3.154270571166084e-8
3.126246276638455e-8
3.098608671066665e-8
3.071350528205221e-8
3.0444647918172123e-8
3.017944570918057e-8
2.991783135041852e-8
2.9659739098958146e-8
2.940510472747612e-8
2.91538654850039e-8
2.8905960054054653e-8
2.8661328511721147e-8
2.8419912292385213e-8
2.818165414933857e-8
2.7946498120951316e-8
2.7714389491914094e-8
2.748527476544363e-8
2.7259101626445317e-8
2.7035818911066275e-8
2.6815376577539475e-8
2.6597725674259613e-8
2.6382818314328918e-8
2.617060764347285e-8
2.5961047818675126e-8
2.5754093973837052e-8
2.554970220504106e-8
2.534782953683942e-8
2.5148433903256632e-8
2.4951474123089394e-8
2.475690987823447e-8
2.4564701690587553e-8
2.4374810903328825e-8
2.4187199658373753e-8
2.400183087498381e-8
2.3818668234838994e-8
2.363767616058764e-8
2.3458819797392545e-8
2.3282064995777197e-8
2.3107378294820297e-8
2.2934726905003113e-8
2.2764078690964294e-8
2.259540215852663e-8
2.2428666436578974e-8
2.226384126273725e-8
2.2100896970606207e-8
2.1939804473435024e-8
2.1780535252240862e-8
2.1623061340779993e-8
2.146735531419255e-8
2.1313390275342534e-8
2.1161139842886117e-8
2.101057813962837e-8
2.086167978055069e-8
2.071441986210096e-8
2.0568773950207712e-8
2.0424718069324007e-8
2.02822286948784e-8
2.0141282740550614e-8
2.000185754717339e-8
1.9863930876337246e-8
1.972748089986726e-8
1.9592486189945518e-8
1.9458925710883576e-8
1.9326778811031695e-8
1.919602521245548e-8
1.9066645004125557e-8
1.893861863502814e-8
1.881192690323281e-8
1.8686550951598965e-8
1.8562472258209685e-8
1.8439672630760236e-8
1.831813419722095e-8
1.8197839401653352e-8
1.807877099573596e-8
1.796091203289419e-8
1.7844245861839288e-8
1.772875612038037e-8
1.761442672919169e-8
1.7501241885829266e-8
1.738918606086033e-8
1.7278243987569572e-8
1.7168400662477015e-8
1.7059641335160187e-8
1.695195150614752e-8
1.6845316919370697e-8
1.6739723558875847e-8
1.6635157643752832e-8
1.653160562298189e-8
1.6429054170495694e-8
1.6327490182067385e-8
1.6226900769003582e-8
1.612727325485108e-8
1.6028595171250535e-8
1.5930854258657133e-8
1.5834038439193327e-8
1.5738135856664207e-8
1.5643134830478925e-8
1.5549023872463613e-8
1.5455791677461073e-8
1.536342712415366e-8
1.5271919266609056e-8
1.5181257334157573e-8
1.5091430726284123e-8
1.5002429010357772e-8
1.491424191836614e-8
1.482685934197141e-8
1.4740271334274969e-8
1.4654468099986033e-8
1.4569439997656345e-8
1.4485177534827671e-8
1.4401671366882387e-8
1.43189122938235e-8
1.4236891251393258e-8
1.4155599317722547e-8
1.4075027710425868e-8
1.3995167776382011e-8
1.3916010993207455e-8
1.3837548969434571e-8
1.3759773437698496e-8
1.368267625801107e-8
1.3606249407911886e-8
1.353048498844613e-8
1.3455375215480524e-8
1.3380912421939572e-8
1.3307089052118298e-8
1.3233897663562357e-8
1.3161330922541496e-8
1.3089381602508301e-8
1.3018042581594697e-8
1.2947306843014553e-8
1.2877167470317137e-8
1.280761764848573e-8
1.273865065960678e-8
1.267025988374731e-8
1.2602438792784352e-8
1.2535180955957772e-8
1.2468480031287328e-8
1.2402329767914442e-8
1.2336724002708224e-8
1.2271656660781505e-8
1.220712175146399e-8
1.2143113370164732e-8
1.2079625690930634e-8
1.2016652974404262e-8
1.1954189556653934e-8
1.1892229854282664e-8
1.1830768361937206e-8
1.1769799648461954e-8
1.170931835808761e-8
1.1649319207729892e-8
1.1589796987374175e-8
1.1530746558242878e-8
1.1472162852510624e-8
1.141404086632964e-8
1.1356375670110479e-8
1.1299162395734618e-8
1.1242396241069118e-8
1.118607247224587e-8
1.113018641412982e-8
1.1074733454511585e-8
1.101970904557003e-8
1.0965108697825689e-8
1.0910927980131834e-8
1.0857162518771757e-8
1.080380800440759e-8
1.075086017537909e-8
1.0698314829690922e-8
1.0646167821294966e-8
1.0594415057336031e-8
1.0543052494643306e-8
1.0492076148346971e-8
1.0441482080186927e-8
1.0391266403374828e-8
1.0341425283074212e-8
1.0291954931763859e-8
1.024285161187665e-8
1.0194111629128634e-8
1.0145731341016357e-8
1.0097707147967666e-8
1.0050035499731779e-8
1.0002712890300804e-8
9.955735847969066e-9
9.909100951123721e-9
9.862804831080548e-9
9.816844147380288e-9
9.771215605242195e-9
9.725915950099668e-9
9.680941970729157e-9
9.636290491747447e-9
9.591958378193923e-9
9.547942536546898e-9
9.50423990373608e-9
9.46084746273224e-9
9.417762226599985e-9
9.374981247697287e-9
9.332501613816154e-9
9.290320448714283e-9
9.24843490741786e-9
9.206842184729793e-9
9.165539501861973e-9
9.124524120076492e-9
9.083793329338615e-9
9.043344453237784e-9
9.003174846754965e-9
8.963281897510532e-9
8.923663020449036e-9
8.884315664771107e-9
8.845237307682458e-9
8.806425456488473e-9
8.767877647044414e-9
8.729591445776795e-9
8.69156444457734e-9
8.653794266714118e-9
8.616278559747593e-9
8.579014999651808e-9
8.54200128990259e-9
8.505235159605445e-9
8.468714362985156e-9
8.432436682441349e-9
8.396399924339376e-9
8.360601918716015e-9
8.32504052331858e-9
8.289713617086112e-9
8.254619102714636e-9
8.219754911820814e-9
8.18511899284628e-9
8.150709321050507e-9
8.116523890526887e-9
8.082560724138584e-9
8.048817862132743e-9