1.0144635551926898e-7
3.027114791401155e-7
4.140726866897455e-7
4.814096682071496e-7
5.204718140965242e-7
5.408614694686221e-7
5.488041057969318e-7
5.484220845938625e-7
5.424858362771879e-7
5.328804663570101e-7
5.20901976373894e-7
5.074485606408964e-7
4.931461509212988e-7
4.784320869433037e-7
4.6361169242989146e-7
4.488970462822526e-7
4.344338795495289e-7
4.203204425067587e-7
4.0662087087080043e-7
3.933747383541639e-7
3.8060393608267565e-7
3.683176594196266e-7
3.5651604253900847e-7
3.4519281881412666e-7
3.3433727414430956e-7
3.2393568375143653e-7
3.139723693308174e-7
3.0443047588181806e-7
2.952925405882172e-7
2.8654090694902067e-7
2.781580234431257e-7
2.7012665589842803e-7
2.6243003532707227e-7
2.550519575255389e-7
2.4797684669101966e-7
2.411897922880339e-7
2.3467656614188735e-7
2.2842362503710467e-7
2.2241810281801587e-7
2.1664779501808258e-7
2.111011383077217e-7
2.0576718648899165e-7
2.0063558433726914e-7
1.9569654026351704e-7
1.9094079851925147e-7
1.8635961147649108e-7
1.8194471236716358e-7
1.776882887555557e-7
1.7358295693184797e-7
1.696217373497258e-7
1.6579803118285045e-7
1.6210559803725826e-7
1.585385348306203e-7
1.5509125582727682e-7
1.5175847380589073e-7
1.485351823239046e-7
1.4541663903755874e-7
1.4239835003117537e-7
1.3947605510683612e-7
1.3664571398463192e-7
1.339034933630558e-7
1.312457547907713e-7
1.2866904330115078e-7
1.2617007676337816e-7
1.2374573590539478e-7
1.2139305496656726e-7
1.191092129387345e-7
1.1689152535995137e-7
1.1473743662106989e-7
1.1264451275544712e-7
1.1061043467750105e-7
1.0863299184112883e-7
1.0671007629034037e-7
1.0483967707623864e-7
1.0301987501530525e-7
1.0124883776767984e-7
9.952481521312199e-8
9.784613510554163e-8
9.621119898815339e-8
9.461847835128924e-8
9.306651101784221e-8
9.155389774130894e-8
9.007929900212663e-8
8.86414319905805e-8
8.723906776320602e-8
8.587102856237544e-8
8.453618528841111e-8
8.323345511440916e-8
8.196179923518806e-8
8.072022074188412e-8
7.950776261374808e-8
7.832350582144477e-8
7.716656753248316e-8
7.603609941578016e-8
7.493128603625876e-8
7.385134333606626e-8
7.279551719611143e-8
7.176308207421864e-8
7.075333971372812e-8
6.976561792034576e-8
6.879926940163428e-8
6.78536706665992e-8
6.6928220980454e-8
6.602234137397843e-8
6.51354737010337e-8
6.426707974447442e-8
6.341664036573973e-8
6.258365469696657e-8
6.176763937195317e-8
6.09681277955875e-8
6.018466944713658e-8
5.941682921846019e-8
5.866418678334741e-8
5.7926335996529124e-8
5.720288432044948e-8
5.64934522806495e-8
5.5797672943990846e-8
5.511519142384374e-8
5.444566440522056e-8
5.378875969327187e-8
5.314415578197461e-8
5.251154144158522e-8
5.1890615325627196e-8
5.128108559437585e-8
5.068266955490016e-8
5.009509331331644e-8
4.9518091471295603e-8
4.895140675945093e-8
4.839478978852918e-8
4.784799873582136e-8
4.731079907462343e-8
4.678296330949386e-8
4.626427072373188e-8
4.5754507137394495e-8
4.52534646738402e-8
4.476094153836806e-8
4.4276741803862127e-8
4.380067520595074e-8
4.333255694711746e-8
4.287220750749169e-8
4.241945246369114e-8
4.1974122316119904e-8
4.1536052321135666e-8
4.11050823304351e-8
4.0681056638405096e-8
4.0263823832806714e-8
3.985323665331666e-8
3.944915185446058e-8
3.9051430073685734e-8
3.865993570557394e-8
3.827453678010798e-8
3.7895104844481965e-8
3.752151485213628e-8
3.7153645052561305e-8
3.67913768879711e-8
3.643459489195946e-8
3.608318659291395e-8
3.5737042420820875e-8
3.539605561673396e-8
3.506012214664163e-8
3.472914061710387e-8
3.4403012195592604e-8
3.408164053191835e-8
3.3764931683540196e-8
3.345279404319928e-8
3.314513826920576e-8
3.2841877217966645e-8
3.254292587777166e-8
3.224820130903213e-8
3.1957622580315215e-8
3.167111071133519e-8
3.138858861668358e-8
3.1109981050162386e-8
3.083521455244927e-8
3.056421740037426e-8
3.029691955689105e-8
3.0033252623928905e-8
2.977314979548657e-8
2.9516545814570862e-8
2.926337692745052e-8
2.901358084479458e-8
2.8767096699146947e-8
2.852386500637256e-8
2.8283827628710845e-8
2.8046927736712315e-8
2.781310977571872e-8
2.7582319427415592e-8
2.735450358231587e-8
2.7129610303223187e-8
2.690758879503874e-8
2.668838937588206e-8
2.647196344541045e-8
2.6258263459618636e-8
2.6047242898991427e-8
2.583885624736654e-8
2.5633058957811235e-8
2.5429807438116163e-8
2.522905901727778e-8
2.503077192670483e-8
2.4834905275719726e-8
2.464141903007061e-8
2.445027398901386e-8
2.4261431766774884e-8
2.407485477017436e-8
2.3890506177399404e-8
2.370834992324049e-8
2.352835067779792e-8
2.3350473828175912e-8
2.3174685461476827e-8
2.3000952348139508e-8
2.2829241924915565e-8
2.2659522277769168e-8
2.249176212902607e-8
2.232593081937901e-8
2.2161998293677152e-8
2.1999935088299903e-8
2.1839712314927306e-8
2.168130164877611e-8
2.1524675313684542e-8
2.1369806070842557e-8
2.1216667205262414e-8
2.1065232513912764e-8
2.0915476294196495e-8
2.0767373332060844e-8
2.0620898891376426e-8
2.047602870204083e-8
2.0332738949106972e-8
2.019100626532034e-8
2.005080771847034e-8
1.9912120800368683e-8
1.9774923420534648e-8
1.9639193895745934e-8
1.950491094022901e-8
1.9372053657497533e-8
1.924060153234174e-8
1.911053442056003e-8
1.8981832542212005e-8
1.885447647480201e-8
1.872844714239688e-8
1.8603725811392187e-8
1.8480294081013287e-8
1.8358133877743772e-8
1.823722744605589e-8
1.8117557344273664e-8
1.7999106436151673e-8
1.7881857885053455e-8
1.7765795147541082e-8
1.7650901967228585e-8
1.7537162368606132e-8
1.7424560651089604e-8
1.7313081385212582e-8
1.7202709402339103e-8
1.7093429795269385e-8
1.698522790806531e-8
1.687808933400284e-8
1.677199990805573e-8
1.6666945703644754e-8
1.656291302760498e-8
1.645988841506752e-8
1.6357858624554484e-8
1.6256810634901563e-8
1.615673163898915e-8
1.6057609040466157e-8
1.5959430449654374e-8
1.5862183684290514e-8
1.5765856742403412e-8
1.5670437842362326e-8
1.557591537683555e-8
1.548227792961535e-8
1.5389514266261404e-8
1.529761333493012e-8
1.5206564257964905e-8
1.511635633179209e-8
1.502697902182385e-8
1.493842196023807e-8
1.4850674942712198e-8
1.4763727923513962e-8
1.467757101728958e-8
1.4592194489240703e-8
1.4507588757395506e-8
1.4423744387768122e-8
1.4340652093239427e-8
1.4258302730338614e-8
1.4176687290395589e-8
1.4095796906208044e-8
1.4015622849151102e-8
1.3936156518971821e-8
1.3857389445289609e-8
1.3779313287789846e-8
1.37019198294144e-8
1.3625200979677531e-8
1.3549148764796522e-8
1.3473755333729588e-8
1.3399012949465022e-8
1.3324913991298977e-8
1.3251450949152343e-8
1.3178616425469818e-8
1.3106403130702459e-8
1.3034803881785447e-8
1.296381159963738e-8
1.2893419309598226e-8
1.2823620136662173e-8
1.2754407306618196e-8
1.2685774141722937e-8
1.2617714061583536e-8
1.2550220576996925e-8
1.2483287295526833e-8
1.2416907912929829e-8
1.2351076215489417e-8
1.2285786076657484e-8
1.2221031457569955e-8
1.2156806403020806e-8
1.2093105043355537e-8
1.2029921587017102e-8
1.196725032853374e-8
1.1905085637343708e-8
1.184342196291172e-8
1.1782253832272403e-8
1.1721575846153862e-8
1.1661382680214596e-8
1.1601669082307534e-8
1.1542429872923262e-8
1.14836599433155e-8
1.1425354255277756e-8
1.1367507834103666e-8
1.1310115778966445e-8
1.1253173250058691e-8
1.1196675473143102e-8
1.1140617741878162e-8
1.1084995408214539e-8
1.1029803886667346e-8
1.097503865573484e-8
1.0920695251903652e-8
1.0866769269606211e-8
1.0813256360327238e-8
1.0760152239611677e-8
1.0707452670281657e-8
1.0655153474507532e-8
1.0603250530069575e-8
1.055173976758015e-8
1.0500617167030523e-8
1.044987876639032e-8
1.03995206499015e-8
1.0349538952973889e-8
1.029992986265776e-8
1.0250689613029561e-8
1.02018144878196e-8
1.0153300813720202e-8
1.0105144968955905e-8
1.0057343374369255e-8
1.0009892499869248e-8
9.962788859316482e-9
9.916029000602937e-9
9.86960952147151e-9
9.823527072294332e-9
9.777778331456713e-9
9.732360022728302e-9
9.687268909863588e-9
9.642501799731253e-9
9.598055534760393e-9
9.553926997606056e-9
9.510113112105955e-9
9.466610832325005e-9
9.423417158143265e-9
9.380529119313715e-9
9.337943784658914e-9
9.295658258231344e-9
9.253669679831582e-9
9.211975220303082e-9
9.170572090099683e-9
9.129457525839865e-9
9.088628804020632e-9
9.048083229639706e-9
9.007818141117708e-9
8.967830908081242e-9
8.928118932616592e-9
8.888679643949097e-9
8.849510505366956e-9
8.810609007993926e-9
8.771972672871131e-9
8.733599049425564e-9
8.695485717481473e-9
8.657630282149363e-9
8.620030379773141e-9
8.582683670809044e-9
8.545587843958871e-9
8.50874061528355e-9
8.47213972631961e-9
8.43578294355151e-9
8.399668061510051e-9
8.363792898529453e-9
8.328155296462051e-9
8.292753124737462e-9
8.257584273835458e-9
8.222646657837547e-9
8.18793821963511e-9
8.153456918766892e-9
8.119200741492196e-9
8.085167692750061e-9
8.051355806138757e-9
8.017763132490399e-9