1.0157767829643115e-7
3.0451474880174287e-7
4.17407617200912e-7
4.858260465077866e-7
5.255814247312608e-7
5.463756523277115e-7
5.545186650813782e-7
5.541960633704321e-7
5.482236572014354e-7
5.385185765270839e-7
5.263992650161192e-7
5.127795896165008e-7
4.982963955272312e-7
4.833945905425493e-7
4.683847106773288e-7
4.534823843793124e-7
4.388357163328596e-7
4.245444979593899e-7
4.10673816983022e-7
3.972637831713808e-7
3.8433653148269605e-7
3.719012975633919e-7
3.5995811601230045e-7
3.485005265662184e-7
3.3751756034762175e-7
3.2699520027969627e-7
3.1691745511222873e-7
3.072671482260183e-7
2.9802649491850645e-7
2.891775223396853e-7
2.807023720680192e-7
2.725835150138953e-7
2.6480390079166807e-7
2.5734705813795e-7
2.5019715883302765e-7
2.4333905451068555e-7
2.367582934444816e-7
2.3044112267051844e-7
2.243744795039468e-7
2.185459755195704e-7
2.1294387531803543e-7
2.0755707182870506e-7
2.0237505946541254e-7
1.9738790611980452e-7
1.9258622472183112e-7
1.8796114490441177e-7
1.8350428515951928e-7
1.7920772576059216e-7
1.750639826396144e-7
1.710659823414197e-7
1.6720703812905852e-7
1.6348082727602868e-7
1.598813695548095e-7
1.5640300690900963e-7
1.530403842843148e-7
1.4978843158075635e-7
1.4664234668341822e-7
1.435975795237121e-7
1.4064981712082274e-7
1.377949695520681e-7
1.350291568003885e-7
1.3234869642891872e-7
1.297500920328535e-7
1.27230022421287e-7
1.2478533148328333e-7
1.2241301869509542e-7
1.2011023022631928e-7
1.1787425060847505e-7
1.1570249492541362e-7
1.135925014951397e-7
1.1154192500814017e-7
1.0954853009264058e-7
1.076101852786045e-7
1.057248573341093e-7
1.0389060594860129e-7
1.0210557874129411e-7
1.0036800657201163e-7
9.867619913501706e-8
9.702854081753309e-8
9.542348680471048e-8
9.385955941571957e-8
9.233534465569017e-8
9.084948896895505e-8
8.940069618164947e-8
8.798772462040728e-8
8.660938439663635e-8
8.526453484556821e-8
8.395208211008558e-8
8.267097686061695e-8
8.142021214247539e-8
8.019882134207127e-8
7.900587626618848e-8
7.7840485324851e-8
7.670179181467145e-8
7.558897229350418e-8
7.450123504289911e-8
7.34378186119747e-8
7.23979904389393e-8
7.13810455440233e-8
7.038630529155896e-8
6.941311621554359e-8
6.846084890609142e-8
6.752889695179679e-8
6.66166759373868e-8
6.572362249017711e-8
6.484919337553744e-8
6.399286463659774e-8
6.315413077702442e-8
6.233250398314352e-8
6.15275133849949e-8
6.073870435170904e-8
5.996563782220786e-8
5.9207889667432314e-8
5.8465050082612424e-8
5.773672300764375e-8
5.702252557640689e-8
5.632208758923309e-8
5.5635051012625305e-8
5.496106949920461e-8
5.4299807931268836e-8
5.365094198479853e-8
5.301415771245227e-8
5.2389151146312685e-8
5.177562791734522e-8
5.117330289159705e-8
5.05818998187998e-8
5.000115102539791e-8
4.9430797044619835e-8
4.887058636451528e-8
4.8320275111351597e-8
4.777962677620179e-8
4.7248411947472045e-8
4.672640805575853e-8
4.621339912937503e-8
4.570917555851965e-8
4.521353387163341e-8
4.4726276518888845e-8
4.4247211665224767e-8
4.3776152992567895e-8
4.331291950863618e-8
4.2857335364015674e-8
4.240922967770881e-8
4.196843636764768e-8
4.153479398849396e-8
4.110814557746186e-8
4.068833850355276e-8
4.0275224324700274e-8
3.986865864936524e-8
3.9468501003333046e-8
3.907461470269395e-8
3.868686673093923e-8
3.830512761963587e-8
3.79292713363853e-8
3.755917517358248e-8
3.719471964410039e-8
3.683578837898484e-8
3.6482268029950636e-8
3.613404817529924e-8
3.579102122855246e-8
3.545308235149421e-8
3.512012936902696e-8
3.4792062688768465e-8
3.446878522174225e-8
3.4150202306999385e-8
3.383622163858568e-8
3.352675319517962e-8
3.322170917200474e-8
3.292100391401968e-8
3.2624553855578275e-8
3.233227745591889e-8
3.204409514161658e-8
3.1759929249811697e-8
3.147970397203358e-8
3.120334530140705e-8
3.0930780981462274e-8
3.066194045565761e-8
3.039675481982319e-8
3.0135156774826533e-8
2.987708058312334e-8
2.9622462022636043e-8
2.9371238347505085e-8
2.9123348245223887e-8
2.8878731797738757e-8
2.8637330444161594e-8
2.8399086942394775e-8
2.816394533530541e-8
2.79318509119681e-8
2.7702750179874795e-8
2.7476590828100315e-8
2.7253321696860156e-8
2.7032892748355134e-8
2.681525503485186e-8
2.6600360673231027e-8
2.638816281290483e-8
2.6178615614456615e-8
2.5971674215300318e-8
2.5767294714948207e-8
2.5565434141301683e-8
2.536605043165566e-8
2.516910240799937e-8
2.4974549755349726e-8
2.478235299864964e-8
2.4592473484055065e-8
2.4404873355481598e-8
2.4219515537758804e-8
2.403636371261695e-8
2.3855382306328738e-8
2.3676536466708882e-8
2.3499792046874997e-8
2.3325115588440544e-8
2.3152474304366695e-8
2.298183606171597e-8
2.2813169368682133e-8
2.264644335647248e-8
2.2481627764971263e-8
2.2318692930001698e-8
2.2157609766982997e-8
2.1998349759057172e-8
2.1840884942057907e-8
2.168518789315887e-8
2.1531231717214948e-8
2.1378990034829815e-8
2.1228436970716023e-8
2.1079547141721055e-8
2.0932295646121334e-8
2.078665805163517e-8
2.0642610384467318e-8
2.0500129121762663e-8
2.0359191178881995e-8
2.0219773898304615e-8
2.008185504323315e-8
1.9945412787073288e-8
1.9810425703554622e-8
1.9676872758505253e-8
1.9544733301761855e-8
1.9413987056846515e-8
1.9284614114156784e-8
1.9156594924078373e-8
1.9029910286051692e-8
1.8904541344280577e-8
1.8780469578165834e-8
1.86576767966953e-8
1.853614512910603e-8
1.8415857020701785e-8
1.8296795224379527e-8
1.81789427947598e-8
1.8062283081725683e-8
1.7946799724235663e-8
1.7832476644091973e-8
1.771929803995729e-8
1.7607248383483327e-8
1.7496312409020716e-8
1.7386475114133686e-8
1.727772174942652e-8
1.7170037816432363e-8
1.7063409060072242e-8
1.6957821465361223e-8
1.6853261252340706e-8
1.6749714870925248e-8
1.6647168995964888e-8
1.6545610524132933e-8
1.6445026567620383e-8
1.634540445084201e-8
1.624673170629129e-8
1.614899607526012e-8
1.6052185480693805e-8
1.5956288067204907e-8
1.586129215499609e-8
1.5767186256671574e-8
1.5673959067841213e-8
1.5581599467938463e-8
1.5490096511770278e-8
1.5399439429393154e-8
1.5309617621005322e-8
1.5220620654676323e-8
1.5132438263083252e-8
1.5045060338565414e-8
1.4958476934889852e-8
1.4872678257419144e-8
1.4787654665349021e-8
1.4703396666852297e-8
1.461989491793391e-8
1.4537140219206464e-8
1.4455123507014234e-8
1.4373835860077034e-8
1.4293268496591621e-8
1.4213412764007274e-8
1.41342601405021e-8
1.4055802235160913e-8
1.3978030781161907e-8
1.3900937639051417e-8
1.3824514786894459e-8
1.3748754326253745e-8
1.3673648473503856e-8
1.359918956207001e-8
1.3525370036739737e-8
1.3452182455543165e-8
1.3379619485226024e-8
1.3307673899710374e-8
1.3236338577589539e-8
1.3165606502531742e-8
1.3095470758532516e-8
1.3025924531016185e-8
1.2956961102501408e-8
1.2888573853481283e-8
1.2820756256252981e-8
1.275350188046934e-8
1.2686804384555881e-8
1.2620657518055307e-8
1.2555055118230321e-8
1.2489991110581572e-8
1.2425459504821432e-8
1.236145439673505e-8
1.229796996073899e-8
1.2235000457841595e-8
1.2172540224470211e-8
1.2110583677581165e-8
1.2049125312170898e-8
1.198815969742596e-8
1.1927681477916346e-8
1.1867685370889784e-8
1.1808166166660264e-8
1.1749118726773523e-8
1.1690537983722583e-8
1.1632418933973407e-8
1.1574756648246146e-8
1.1517546258725754e-8
1.1460782963580847e-8
1.1404462029238293e-8
1.1348578780854615e-8
1.1293128606507892e-8
1.1238106958659765e-8
1.1183509348109887e-8
1.112933134398714e-8
1.1075568572844998e-8
1.10222167256132e-8
1.0969271540894649e-8
1.0916728816953517e-8
1.0864584407998514e-8
1.0812834221425828e-8
1.0761474214313605e-8
1.0710500402037737e-8
1.0659908846579078e-8
1.0609695661389106e-8
1.0559857011865106e-8
1.0510389110718535e-8
1.0461288220610028e-8
1.041255064748263e-8
1.036417274905414e-8
1.031615092597163e-8
1.0268481628201286e-8
1.0221161349948356e-8
1.0174186619716918e-8
1.0127554016102649e-8
1.0081260170625775e-8
1.003530174302865e-8
9.989675438730194e-9
9.944378003360624e-9
9.899406225889518e-9
9.854756931126025e-9
9.810426984297586e-9
9.766413292069182e-9
9.72271279155418e-9
9.679322465904572e-9
9.636239328364378e-9
9.593460431467692e-9
9.550982863181337e-9
9.50880374743459e-9
9.466920239423536e-9
9.425329534118849e-9
9.384028852897731e-9
9.343015457185439e-9
9.302286637108445e-9
9.261839716415008e-9
9.221672050243185e-9
9.181781026368684e-9
9.142164059888724e-9
9.102818600154892e-9
9.06374212452232e-9
9.024932140443515e-9
8.986386183919161e-9
8.948101821519097e-9
8.91007664527689e-9
8.872308278600742e-9
8.834794369189337e-9
8.797532593152531e-9
8.760520654101658e-9
8.723756281274806e-9
8.687237229028479e-9
8.650961279891668e-9
8.614926240358749e-9
8.57912994059209e-9
8.543570238464668e-9
8.508245013039402e-9
8.47315216713347e-9
8.438289632484702e-9
8.403655357652894e-9
8.369247318016511e-9
8.335063507783864e-9
8.301101949933986e-9
8.267360684826129e-9