2.3279205000039174e-8
7.747526976952543e-8
1.1545640088654454e-7
1.4350129294713849e-7
1.6355724408651602e-7
1.7733441845867191e-7
1.8628202078315387e-7
1.9156521827281997e-7
1.940936344955209e-7
1.945666589559623e-7
1.9351801597652856e-7
1.9135363884845362e-7
1.8838188899432696e-7
1.8483694498309583e-7
1.8089663669109753e-7
1.766959518556049e-7
1.723372425281383e-7
1.6789794105013846e-7
1.6343640474676528e-7
1.589963557647304e-7
1.5461026487715668e-7
1.5030193944313604e-7
1.460885096227114e-7
1.419819579155711e-7
1.3799030075177198e-7
1.341185039456682e-7
1.3036919374435602e-7
1.2674321033779855e-7
1.2324003947054652e-7
1.1985814942723992e-7
1.1659525432284392e-7
1.1344851983076547e-7
1.1041472383126617e-7
1.0749038167237238e-7
1.046718435957515e-7
1.019553702311144e-7
9.93371907884286e-8
9.681354758774964e-8
9.438072979626412e-8
9.203509864003641e-8
8.97731058860948e-8
8.75913070193351e-8
8.548637024605663e-8
8.345508222486432e-8
8.14943512417406e-8
7.96012084010979e-8
7.777280728803118e-8
7.600642246488798e-8
7.429944709123764e-8
7.264938989704233e-8
7.105387169179984e-8
6.951062155401913e-8
6.801747281544275e-8
6.657235892915586e-8
6.517330929211202e-8
6.381844507583298e-8
6.250597510702569e-8
6.123419182948966e-8
6.000146737056173e-8
5.880624972896015e-8
5.764705909550988e-8
5.65224843145453e-8
5.54311794901112e-8
5.4371860738846915e-8
5.3343303089315194e-8
5.2344337526223513e-8
5.1373848176261136e-8
5.043076963288457e-8
4.951408441405749e-8
4.862282054992718e-8
4.775604929430332e-8
4.691288295504477e-8
4.609247283813649e-8
4.529400730023143e-8
4.451670990410386e-8
4.375983767245464e-8
4.3022679434569566e-8
4.23045542612472e-8
4.1604809983484724e-8
4.092282179008645e-8
4.0257990900269735e-8
3.96097433070874e-8
3.897752858755516e-8
3.8360818776238195e-8
3.775910729832336e-8
3.7171907959171934e-8
3.659875398709515e-8
3.6039197126281187e-8
3.549280677724412e-8
3.495916918209021e-8
3.4437886651813244e-8
3.3928576833934254e-8
3.34308720171565e-8
3.294441847234492e-8
3.246887582650293e-8
3.200391646877027e-8
3.154922498619538e-8
3.1104497628105134e-8
3.066944179679954e-8
3.0243775563957574e-8
2.982722721066084e-8
2.941953479022078e-8
2.902044571194515e-8
2.8629716345827394e-8
2.8247111645605588e-8
2.7872404790483098e-8
2.7505376843653208e-8
2.714581642730559e-8
2.6793519412665744e-8
2.6448288625035203e-8
2.610993356199687e-8
2.5778270125321017e-8
2.5453120365065637e-8
2.5134312235330696e-8
2.482167936093035e-8
2.4515060815427015e-8
2.421430090812055e-8
2.3919248981823603e-8
2.3629759218481336e-8
2.3345690454140867e-8
2.3066906001976922e-8
2.279327348279348e-8
2.2524664663381027e-8
2.2260955301468997e-8
2.2002024997322356e-8
2.174775705015694e-8
2.149803833320323e-8
2.1252759141196585e-8
2.101181308825757e-8
2.077509697753005e-8
2.054251068905646e-8
2.0313957069872127e-8
2.0089341829080522e-8
1.986857343723141e-8
1.9651563029138475e-8
1.9438224311684352e-8
1.922847347445325e-8
1.9022229104248143e-8
1.8819412103345587e-8
1.86199456103905e-8
1.842375492466404e-8
1.8230767433820244e-8
1.8040912543603313e-8
1.7854121610544966e-8
1.767032787797001e-8
1.7489466413339156e-8
1.731147404886909e-8
1.7136289323948682e-8
1.6963852429685217e-8
1.6794105156004697e-8
1.6626990840428357e-8
1.646245431829408e-8
1.6300441876028373e-8
1.6140901204680658e-8
1.5983781356361828e-8
1.582903270147392e-8
1.567660688794131e-8
1.5526456801846323e-8
1.537853652917897e-8
1.5232801319421605e-8
1.5089207549863263e-8
1.494771269190567e-8
1.480827527778751e-8
1.467085486895981e-8
1.4535412025427398e-8
1.440190827619821e-8
1.4270306090675125e-8
1.414056885056158e-8
1.4012660824517353e-8
1.388654714098877e-8
1.3762193764003254e-8
1.3639567469273696e-8
1.3518635820525223e-8
1.3399367147259705e-8
1.3281730523181701e-8
1.3165695744907564e-8
1.30512333119152e-8
1.2938314406562628e-8
1.2826910875763735e-8
1.2716995211494339e-8
1.2608540534236597e-8
1.2501520574853709e-8
1.2395909658154129e-8
1.2291682687133665e-8
1.2188815126737597e-8
1.2087282989567254e-8
1.1987062819447212e-8
1.1888131679709279e-8
1.1790467137561886e-8
1.1694047251208572e-8
1.1598850557505099e-8
1.1504856058419007e-8
1.1412043210264124e-8
1.1320391910068332e-8
1.1229882486555072e-8
1.1140495685521264e-8
1.1052212663656179e-8
1.0965014974177594e-8
1.0878884558799474e-8
1.0793803737234444e-8
1.0709755197997637e-8
1.0626721988585533e-8
1.054468750754024e-8
1.0463635494856392e-8
1.038355002288008e-8
1.030441548999061e-8
1.0226216611463662e-8
1.0148938411621155e-8
1.0072566216538945e-8
9.997085646897598e-9
9.92248261068284e-9
9.84874329583793e-9
9.775854164757058e-9
9.703801946556198e-9
9.632573630969294e-9
9.562156462931438e-9
9.49253793560462e-9
9.42370578532684e-9
9.355647985197014e-9
9.288352740245164e-9
9.221808481601463e-9
9.15600386141225e-9
9.090927747874764e-9
9.026569220128713e-9
8.962917563691298e-9
8.899962265337974e-9
8.837693008425866e-9
8.776099669684612e-9
8.71517231377413e-9
8.654901188540983e-9
8.59527672230093e-9
8.536289519340723e-9
8.477930355695569e-9
8.420190175638311e-9
8.363060088223656e-9
8.30653136287074e-9
8.250595426457768e-9
8.195243860381693e-9
8.140468395873447e-9
8.086260912174837e-9
8.032613432439961e-9
7.979518121342292e-9
7.92696728107236e-9
7.874953349557948e-9
7.82346889683298e-9
7.77250662252834e-9
7.722059353106708e-9
7.672120039214888e-9
7.622681753015783e-9
7.573737685627128e-9
7.525281145469559e-9
7.4773055538475e-9
7.429804445186376e-9
7.3827714626624525e-9
7.336200357307275e-9
7.290084984770672e-9
7.244419303914488e-9
7.199197374640827e-9
7.154413355682997e-9
7.110061502488778e-9
7.0661361658904735e-9
7.022631789397334e-9
6.979542907786422e-9
6.93686414532576e-9
6.894590216095945e-9
6.8527159122899996e-9
6.8112361214868905e-9
6.770145806781987e-9
6.729440014050018e-9
6.689113867900792e-9
6.649162572040175e-9
6.609581405633983e-9
6.570365723262081e-9
6.531510952722958e-9
6.493012594061775e-9
6.4548662181695574e-9
6.4170674646570205e-9
6.3796120426224335e-9
6.342495726417126e-9
6.305714356616659e-9
6.269263837931958e-9
6.233140138721257e-9
6.197339289604575e-9
6.1618573796399154e-9
6.1266905591947915e-9
6.091835038700837e-9
6.057287084247139e-9
6.023043018222575e-9
5.989099219396449e-9
5.9554521199836145e-9
5.9220982070615e-9
5.889034018324644e-9
5.85625614466846e-9
5.823761226445167e-9
5.791545954433597e-9
5.759607067388534e-9
5.727941352855147e-9
5.696545645219104e-9
5.665416825045831e-9
5.6345518180023576e-9
5.603947595034942e-9
5.57360117032264e-9
5.543509601756027e-9
5.513669989069635e-9
5.484079474223697e-9
5.454735238744698e-9
5.4256345061227605e-9
5.396774538111319e-9
5.368152635739708e-9
5.3397661378506574e-9
5.311612421325221e-9
5.283688899347281e-9
5.2559930222091e-9
5.228522274101903e-9
5.201274176552419e-9
5.174246283603989e-9
5.1474361840222825e-9
5.120841500224488e-9
5.094459886617688e-9
5.068289030117228e-9
5.042326648978338e-9
5.016570492967726e-9
4.9910183425707285e-9
4.965668008872622e-9
4.940517330546916e-9
4.915564178296986e-9
4.8908064493350255e-9
4.866242069334221e-9
4.841868993413232e-9
4.817685202021763e-9
4.793688702754145e-9
4.76987753097788e-9
4.7462497472291345e-9
4.722803437207182e-9
4.69953671138499e-9
4.676447708012515e-9
4.653534585905596e-9
4.6307955296235905e-9
4.608228747864874e-9
4.58583247227589e-9
4.56360495594282e-9
4.541544477107726e-9
4.519649334122935e-9
4.497917847552876e-9
4.476348360378485e-9
4.454939236000895e-9
4.43368885937741e-9
4.412595634143857e-9
4.3916579862837696e-9
4.370874360307498e-9
4.350243222013389e-9
4.329763056293671e-9
4.309432362845814e-9
4.289249662990398e-9
4.269213500888989e-9
4.249322432891114e-9
4.22957503506004e-9
4.209969900819459e-9
4.190505642303098e-9
4.17118088711476e-9
4.15199428031044e-9
4.132944484833222e-9
4.1140301767744105e-9
4.095250052099856e-9
4.076602819769951e-9
4.058087205707861e-9
4.039701951136827e-9
4.021445812807391e-9
4.003317560970574e-9
3.985315983053751e-9
3.9674398778857445e-9
3.949688061589007e-9
3.932059362680912e-9
3.91455262419679e-9
3.897166702728139e-9
3.87990046896141e-9
3.862752805383539e-9
3.845722609272443e-9
3.828808790001927e-9
3.8120102699437345e-9
3.795325983800633e-9
3.778754879477373e-9
3.762295915877023e-9
3.745948065454791e-9
3.729710311157489e-9
3.7135816482025146e-9
3.697561083687667e-9
3.6816476357808365e-9
3.665840333498835e-9
3.650138218029179e-9
3.63454034091129e-9
3.619045763908727e-9
3.6036535607555035e-9
3.5883628143413376e-9
3.5731726178164964e-9
3.558082076825583e-9
3.5430903042797338e-9
3.528196424678419e-9
3.513399570655949e-9
3.4986988872755836e-9
3.4840935271099355e-9