1.2726534427072759e-8
2.4254471694094327e-8
2.37414191711571e-8
2.093683685598079e-8
1.780752027099841e-8
1.493728370669971e-8
1.2475934386183688e-8
1.0423860892976682e-8
8.733315688825666e-9
7.3462786345399195e-9
6.208192568234657e-9
5.272186730346129e-9
4.499592341407475e-9
3.85912523380288e-9
3.3257064688455453e-9
2.8793014512844157e-9
2.5039084159070697e-9
2.1867238805600306e-9
1.917472817387295e-9
1.6878786807866687e-9
1.4912470512501095e-9
1.32213945968163e-9
1.1761179092787004e-9
1.0495444767709224e-9
9.394237178009884e-10
8.432783319810179e-10
7.590507070241934e-10
6.850246472014668e-10
6.197628925327022e-10
5.620570345413521e-10
5.108872005740953e-10
4.653894660381981e-10
4.248294047541484e-10
3.885805344087736e-10
3.561066815938081e-10
3.269474978851434e-10
3.0070651912023913e-10
2.7704128524446676e-10
2.556551360313473e-10
2.362903748606351e-10
2.1872255332229977e-10
2.0275567733327028e-10
1.882181735000089e-10
1.7495948477950556e-10
1.6284718873550984e-10
1.517645511536365e-10
1.4160844345064847e-10
1.3228756498579444e-10
1.237209216546375e-10
1.1583652050443192e-10
1.0857024693415101e-10
1.0186489662550951e-10
9.566933894183365e-11
8.99377923050444e-11
8.462919518821213e-11
7.97066589407966e-11
7.51369908150175e-11
7.089027734897233e-11
6.693951975596952e-11
6.326031422040263e-11
5.983057104880372e-11
5.663026750972628e-11
5.364122993825753e-11
5.0846941311895335e-11
4.8232371036738635e-11
4.578382413627991e-11
4.348880741885443e-11
4.133591052989583e-11
3.9314700073178236e-11
3.741562522800111e-11
3.562993349274404e-11
3.394959536323466e-11
3.2367236906776423e-11
3.087607932389316e-11
2.9469884702023514e-11
2.814290726633262e-11
2.688984951551216e-11
2.570582270329728e-11
2.4586311197094666e-11
2.35271402913337e-11
2.252444711062533e-11
2.157465427596385e-11
2.067444604522083e-11
1.9820746673443325e-11
1.9010700764903413e-11
1.824165541616046e-11
1.751114397025575e-11
1.6816871222136907e-11
1.615669993313395e-11
1.5528638526782883e-11
1.493082985193931e-11
1.436154091237927e-11
1.3819153469469891e-11
1.3302155438832158e-11
1.2809133004760556e-11
1.233876338800427e-11
1.188980820652339e-11
1.1461107376542812e-11
1.1051573504282715e-11
1.0660186726132369e-11
1.0285989957059235e-11
9.928084511957058e-12
9.585626067052646e-12
9.25782093392245e-12
8.9439226172067e-12
8.643228484551146e-12
8.355077573100406e-12
8.078846371129237e-12
7.813947793310562e-12
7.559828096820575e-12
7.315964864642275e-12
7.081864996179773e-12
6.857062841659631e-12
6.641118468796632e-12
6.433616051503664e-12
6.2341623720948095e-12
6.0423854262491185e-12
5.857933125358931e-12
5.680472086369384e-12
5.509686504417907e-12
5.345277101199046e-12
5.186960143406997e-12
5.034466526719738e-12
4.887540919629948e-12
4.745940963234397e-12
4.609436523691569e-12
4.477808991631239e-12
4.350850627719833e-12
4.228363948320171e-12
4.110161151343457e-12
3.99606357723658e-12
3.885901203475999e-12
3.779512170549745e-12
3.676742337163693e-12
3.5774448618399714e-12
3.4814798108608977e-12
3.3887137889430495e-12
3.299019592193191e-12
3.2122758820754265e-12
3.128366876952697e-12
3.04718206762499e-12
2.968615935988044e-12
2.89256770740859e-12
2.818941104083732e-12
2.7476441183891283e-12
2.6785887972834382e-12
2.611691039539576e-12
2.5468704040185814e-12
2.4840499285343946e-12
2.4231559591395315e-12
2.36411798839854e-12
2.3068685025814835e-12
2.2513428375002056e-12
2.1974790413844263e-12
2.145217745961127e-12
2.0945020437882585e-12
2.0452773723604877e-12
1.9974914043989063e-12
1.9510939436734765e-12
1.906036826300934e-12
1.8622738273248534e-12
1.8197605718855683e-12
1.778454451145636e-12
1.7383145423079218e-12
1.6993015327750451e-12
1.661377648200569e-12
1.624506583964496e-12
1.5886534399186713e-12
1.5537846593599058e-12
1.5198679693959332e-12
1.4868723254785923e-12
1.4547678583516659e-12
1.4235258231513106e-12
1.3931185514578321e-12
1.363519405497282e-12
1.3347027343239804e-12
1.3066438324041797e-12
1.2793188997653243e-12
1.2527050046634443e-12
1.226780046912761e-12
1.2015227242866408e-12
1.1769124992560037e-12
1.1529295678744255e-12
1.1295548302244232e-12
1.1067698615683049e-12
1.0845568855451313e-12
1.0628987478272814e-12
1.0417788918178448e-12
1.0211813346116839e-12
1.0010906443701923e-12
9.814919190431311e-13
9.623707653535628e-13
9.43713279125228e-13
9.255060264104163e-13
9.077360254161452e-13
8.903907289428419e-13
8.734580083953746e-13
8.569261372028708e-13
8.407837761232535e-13
8.250199584992564e-13
8.096240764496777e-13
7.945858672646591e-13
7.798954010605151e-13
7.655430679778294e-13
7.51519566811552e-13
7.378158935725335e-13
7.244233308089457e-13
7.113334370433567e-13
6.98538036952672e-13
6.860292118249962e-13
6.737992903802122e-13
6.618408397537511e-13
6.501466575464547e-13
6.387097632359231e-13
6.275233904857356e-13
6.165809799404433e-13
6.058761716662262e-13
5.954027985142733e-13
5.851548792443288e-13
5.751266123432579e-13
5.65312369746064e-13
5.557066909860053e-13
5.463042775149302e-13
5.370999872171052e-13
5.280888292520167e-13
5.192659587633174e-13
5.106266720844319e-13
5.021664023806626e-13
4.938807147371583e-13
4.85765301857107e-13
4.778159800094348e-13
4.700286850409796e-13
4.623994683357077e-13
4.549244928983384e-13
4.476000306312722e-13
4.4042245744504083e-13
4.3338825102161055e-13
4.264939873647072e-13
4.1973633723346487e-13
4.131120636801384e-13
4.0661801881976954e-13
4.002511412474965e-13
3.940084530366472e-13
3.8788705749027407e-13
3.8188413639169223e-13
3.759969476758685e-13
3.7022282303937447e-13
3.64559165732276e-13
3.590034483077144e-13
3.5355321052118004e-13
3.482060575328157e-13
3.4295965734024186e-13
3.378117396685009e-13
3.3276009345539657e-13
3.278025655473949e-13
3.229370586124853e-13
3.1816152974205374e-13
3.1347398879626665e-13
3.0887249677322735e-13
3.043551643288035e-13
2.999201504816735e-13
2.9556566095553186e-13
2.9128994695796033e-13
2.8709130386754095e-13
2.8296807007484673e-13
2.789186254876772e-13
2.7494139049912464e-13
2.7103482492138585e-13
2.671974267384049e-13
2.6342773088210746e-13
2.5972430867623755e-13
2.560857662686855e-13
2.5251074403172975e-13
2.48997915388994e-13
2.4554598603300993e-13
2.4215369300755526e-13
2.3881980366662465e-13
2.3554311530929605e-13
2.323224536991311e-13
2.2915667277551075e-13
2.2604465372590542e-13
2.229853043650292e-13
2.1997755824880576e-13
2.1702037395664222e-13
2.1411273459835853e-13
2.1125364707219285e-13
2.0844214149724678e-13
2.056772703372794e-13
2.0295810820643433e-13
2.0028375088089878e-13
1.9765331523389151e-13
1.950659380038646e-13
1.9252077602480286e-13
1.9001700509001702e-13
1.8755381984769091e-13
1.8513043305036695e-13
1.827460753282642e-13
1.80399994614834e-13
1.7809145566076337e-13
1.7581973957160546e-13
1.735841436131662e-13
1.7138398051181999e-13
1.6921857833563676e-13
1.6708727988165555e-13
1.6498944251629073e-13
1.6292443743332423e-13
1.6089164992506162e-13
1.5889047842420403e-13
1.569203345382032e-13
1.5498064253004471e-13
1.530708392017453e-13
1.5119037336184006e-13
1.49338705822715e-13
1.47515308581069e-13
1.4571966533779982e-13
1.4395127040539438e-13
1.422096289827021e-13
1.404942567606966e-13
1.3880467955227818e-13
1.3714043311026041e-13
1.3550106287915183e-13
1.3388612389093773e-13
1.3229518041940383e-13
1.307278058792286e-13
1.2918358212591541e-13
1.2766210017186014e-13
1.2616295907268884e-13
1.2468576610217977e-13
1.2323013691761312e-13
1.2179569462196513e-13
1.2038207005864908e-13
1.1898890177338746e-13
1.176158354657621e-13
1.162625239184221e-13
1.1492862680311193e-13
1.136138111312393e-13
1.12317749899022e-13
1.1104012293894265e-13
1.0978061651673164e-13
1.0853892301874652e-13
1.0731474076442223e-13
1.0610777434356836e-13
1.0491773387290091e-13
1.037443351779606e-13
1.0258729979048126e-13
1.0144635453899575e-13
1.0032123168335425e-13
9.921166836774818e-14
9.811740715705884e-14
9.703819535596096e-14
9.597378538878318e-14
9.492393412205202e-14
9.388840317063428e-14
9.286695872549503e-14
9.185937144670075e-14
9.086541626354164e-14
8.988487239425982e-14
8.891752314616092e-14
8.79631558499024e-14
8.702156266535563e-14
8.609253808494472e-14
8.517588171525069e-14
8.427139616535441e-14
8.337888821131757e-14
8.249816786576911e-14
8.162904875275451e-14
8.077134792849598e-14
7.992488590869446e-14
7.908948622661013e-14
7.826497600519245e-14
7.74511850852772e-14
7.664794678397099e-14
7.585509721651385e-14
7.507247555529915e-14
7.429992379794239e-14
7.353728692096583e-14
7.278441245501528e-14
7.204115086723423e-14
7.130735518557206e-14
7.058288107043096e-14
6.986758672669294e-14
6.916133298467018e-14
6.846398292751359e-14
6.777540230184624e-14
6.709545896803976e-14
6.642402321894305e-14
6.576096764221874e-14
6.510616699209232e-14
6.445949816509193e-14
6.382084032491098e-14
6.319007465425519e-14
6.25670843138885e-14
6.195175464608268e-14
6.134397279065923e-14
6.074362781636453e-14
6.015061096908035e-14
5.956481500810361e-14
5.898613470173224e-14
5.841446642640598e-14
5.784970863829704e-14
5.729176125029754e-14