1.2723684979383563e-8
2.4221810809277753e-8
2.3690305107106648e-8
2.0878878814992456e-8
1.774951480225383e-8
1.4882646151568467e-8
1.2426118675600511e-8
1.037926454952817e-8
8.693800964367752e-9
7.311460310212287e-9
6.177592347149364e-9
5.245313227593545e-9
4.4759801756591055e-9
3.838351967351489e-9
3.307397817173984e-9
2.8631305242976984e-9
2.4895921503524916e-9
2.1740183694738063e-9
1.9061684315657215e-9
1.6777954272035805e-9
1.4822303662407668e-9
1.3140565018781078e-9
1.1688543485991098e-9
1.0430017428165675e-9
9.33516657659666e-10
8.379332245151603e-10
7.542035830735197e-10
6.806198698738898e-10
6.157519573238404e-10
5.583975545900001e-10
5.075420475272257e-10
4.6232604159777787e-10
4.220190219692167e-10
3.8599789118439414e-10
3.537294117677282e-10
3.247557876388276e-10
2.9868277850824586e-10
2.751698663062819e-10
2.539220903467371e-10
2.346832445703087e-10
2.1723019060022508e-10
2.0136808809873402e-10
1.86926381824799e-10
1.73755415001457e-10
1.6172356275332611e-10
1.507147987654968e-10
1.4062662392341926e-10
1.3136829831366143e-10
1.2285932819451576e-10
1.1502816786782114e-10
1.0781110317735911e-10
1.0115128891720234e-10
9.499791700302985e-11
8.93054960150344e-11
8.403322583368219e-11
7.914445365670539e-11
7.460619982658631e-11
7.038874367622911e-11
6.646526108679193e-11
6.281150669628819e-11
5.940553474046462e-11
5.622745338793061e-11
5.3259208169773186e-11
5.048439073154869e-11
4.788806966482631e-11
4.545664062653891e-11
4.3177693335887324e-11
4.103989336699403e-11
3.903287693193558e-11
3.7147157090223655e-11
3.5374040023165195e-11
3.3705550188502205e-11
3.2134363322338696e-11
3.065374638576978e-11
2.925750366519982e-11
2.7939928335655145e-11
2.6695758878674053e-11
2.5520139818721598e-11
2.4408586312419798e-11
2.335695217070685e-11
2.2361400951321043e-11
2.1418379796780455e-11
2.0524595730947238e-11
1.967699416121132e-11
1.887273935970795e-11
1.8109196724030296e-11
1.738391663873069e-11
1.669461977866698e-11
1.6039183712948903e-11
1.541563068255862e-11
1.482211643832037e-11
1.4256920039066356e-11
1.3718434517158934e-11
1.320515833280959e-11
1.2715687541437289e-11
1.2248708610099388e-11
1.1802991822979682e-11
1.1377385223608559e-11
1.0970809044509578e-11
1.0582250582320807e-11
1.0210759478428254e-11
9.85544337006432e-12
9.515463879188015e-12
9.190032911894375e-12
8.87840923963958e-12
8.579895190810882e-12
8.293834477552594e-12
8.019607995852951e-12
7.756632818204451e-12
7.504359125741866e-12
7.262268206437531e-12
7.029870459568527e-12
6.8067035429713e-12
6.592330651683218e-12
6.386338917779949e-12
6.188337922951271e-12
5.997958313122687e-12
5.814850509807247e-12
5.638683508342618e-12
5.469143758365899e-12
5.305934119495473e-12
5.148772886606922e-12
4.9973928802021385e-12
4.851540596215835e-12
4.710975411387804e-12
4.575468840951527e-12
4.444803842940105e-12
4.318774168339793e-12
4.197183751046892e-12
4.079846137756094e-12
3.966583952725331e-12
3.857228395823106e-12
3.751618771844421e-12
3.6496020488458145e-12
3.551032442689304e-12
3.4557710277517226e-12
3.363685370202329e-12
3.274649183407779e-12
3.1885420042037056e-12
3.105248886607063e-12
3.024660119400822e-12
2.9466709467189523e-12
2.8711813222406206e-12
2.7980956642618687e-12
2.727322630661727e-12
2.658774904835416e-12
2.592368994363005e-12
2.5280250406487794e-12
2.4656666390699573e-12
2.4052206694803394e-12
2.3466171356329357e-12
2.2897890134620166e-12
2.2346721079454327e-12
2.1812049169606773e-12
2.1293285032814725e-12
2.078986372788196e-12
2.030124359401465e-12
1.9826905161539413e-12
1.936635011759139e-12
1.8919100326153682e-12
1.8484696900521365e-12
1.8062699321373848e-12
1.7652684602060988e-12
1.7254246494492789e-12
1.6866994736181467e-12
1.6490554335920258e-12
1.6124564893440247e-12
1.5768679951538541e-12
1.5422566390248913e-12
1.5085903834708811e-12
1.47583841045312e-12
1.4439710687071865e-12
1.4129598232111696e-12
1.3827772075809313e-12
1.3533967786026899e-12
1.324793072729919e-12
1.2969415649667948e-12
1.2698186293019811e-12
1.2434015016506282e-12
1.2176682434405973e-12
1.1925977082631196e-12
1.1681695088473828e-12
1.1443639861704536e-12
1.1211621801189881e-12
1.0985458008461298e-12
1.076497202164762e-12
1.054999355391928e-12
1.0340358252236117e-12
1.0135907458689523e-12
9.9364879858892e-13
9.74195190572682e-13
9.552156340750025e-13
9.366963268846467e-13
9.186239335896208e-13
9.009855676359051e-13
8.837687738894598e-13
8.669615127695163e-13
8.505521437820461e-13
8.345294109352747e-13
8.188824281010293e-13
8.036006653068121e-13
7.886739352290814e-13
7.740923809392326e-13
7.59846463193264e-13
7.459269491445586e-13
7.3232490099002e-13
7.190316653678883e-13
7.060388628718922e-13
6.933383783027995e-13
6.809223511942432e-13
6.687831667016686e-13
6.569134466486178e-13
6.453060416389001e-13
6.339540225262522e-13
6.228506727814328e-13
6.119894813410909e-13
6.013641351006953e-13
5.909685123293434e-13
5.807966758398256e-13
5.708428668558282e-13
5.611014987768978e-13
5.515671513712165e-13
5.422345651381183e-13
5.330986358613375e-13
5.241544094906845e-13
5.153970768874264e-13
5.068219690658962e-13
4.984245528693897e-13
4.902004260919383e-13
4.821453132070413e-13
4.742550613474045e-13
4.665256363453328e-13
4.589531187211714e-13
4.515336997938645e-13
4.4426367898461476e-13
4.371394589523769e-13
4.301575433822731e-13
4.233145335590218e-13
4.1660712482360766e-13
4.100321041331558e-13
4.0358634685148953e-13
3.9726681418719037e-13
3.9107055021163533e-13
3.8499467962891657e-13
3.7903640504547883e-13
3.7319300465928873e-13
3.674618298864112e-13
3.618403031696878e-13
3.563259157447839e-13
3.5091622555450684e-13
3.456088554657302e-13
3.4040149071727244e-13
3.3529187782403505e-13
3.3027782207467787e-13
3.25357186241421e-13
3.205278885053206e-13
3.1578790107035244e-13
3.1113524852047566e-13
3.065680062001512e-13
3.0208429874549444e-13
2.976822987992322e-13
2.9336022536406873e-13
2.8911634259147145e-13
2.849489584774323e-13
2.808564237137466e-13
2.7683713020237017e-13
2.7288951003150386e-13
2.6901203441842314e-13
2.6520321247004955e-13
2.6146158996752443e-13
2.577857488169484e-13
2.5417430549017264e-13
2.5062591043150046e-13
2.4713924689187866e-13
2.437130301532115e-13
2.403460066171425e-13
2.3703695277094133e-13
2.3378467482763913e-13
2.305880072520886e-13
2.2744581247795487e-13
2.2435697998519388e-13
2.213204256852882e-13
2.1833509103998948e-13
2.1539994234919042e-13
2.125139702620114e-13
2.0967618904042577e-13
2.068856359963391e-13
2.0414137061910803e-13
2.01442474386793e-13
1.9878804978093445e-13
1.9617722022677062e-13
1.936091288645463e-13
1.9108293878452252e-13
1.8859783189391152e-13
1.8615300881615808e-13
1.8374768814470023e-13
1.81381106218784e-13
1.7905251655294346e-13
1.767611893544004e-13
1.745064110632548e-13
1.7228748416177347e-13
1.7010372647706072e-13
1.6795447106529766e-13
1.6583906560195528e-13
1.637568722247317e-13
1.617072667946837e-13
1.5968963916916106e-13
1.5770339224712293e-13
1.5574794200532982e-13
1.5382271698176921e-13
1.5192715816141145e-13
1.5006071844583377e-13
1.482228626530531e-13
1.464130666998688e-13
1.4463081812398044e-13
1.4287561499301209e-13
1.4114696618206626e-13
1.3944439098045443e-13
1.3776741872405276e-13
1.3611558861457042e-13
1.3448844947362278e-13
1.3288555964003615e-13
1.3130648662541406e-13
1.297508070155935e-13
1.282181057714898e-13
1.267079769472766e-13
1.2522002257761315e-13
1.2375385285456622e-13
1.2230908629419618e-13
1.2088534880005761e-13
1.1948227395928563e-13
1.1809950300574865e-13
1.1673668427325963e-13
1.1539347312548702e-13
1.140695317634847e-13
1.1276452967741367e-13
1.11478142292954e-13
1.1021005182341752e-13
1.0895994686854841e-13
1.077275221024729e-13
1.065124780871153e-13
1.0531452161085593e-13
1.0413336494584807e-13
1.0296872603096393e-13
1.0182032847009574e-13
1.0068790112355174e-13
9.95711782436349e-14
9.846989892850041e-14
9.7383807659359e-14
9.631265362025896e-14
9.525619107878638e-14
9.421417870985389e-14
9.318637990190478e-14
9.217256258587299e-14
9.117249912876088e-14
9.018596613446325e-14
8.921274446442088e-14
8.825261903813291e-14
8.730537876808402e-14
8.637081736645564e-14
8.544873084907258e-14
8.453892031756044e-14
8.364118984831464e-14
8.275534765726581e-14
8.18812051707816e-14
8.101857740032172e-14
8.016728276405316e-14
7.932714311476577e-14
7.849798329829841e-14
7.767963172625907e-14
7.687191950486461e-14
7.607468119350672e-14
7.52877541272579e-14
7.451097867635336e-14
7.374419801481318e-14
7.298725827433076e-14
7.224000812008013e-14
7.150229913348122e-14
7.077398543689995e-14
7.00549237658341e-14
6.93449733810504e-14
6.864399615016901e-14
6.795185617535619e-14
6.726842019742051e-14
6.659355708103454e-14
6.592713806458407e-14
6.526903669219161e-14
6.461912865095025e-14
6.397729175417147e-14
6.334340606635898e-14
6.271735365554793e-14
6.209901855260706e-14
6.148828695478043e-14
6.088504684236108e-14
6.028918811010149e-14
5.970060281586241e-14
5.911918451688199e-14
5.85448287662337e-14
5.797743271151456e-14
5.741689556717757e-14
5.686311799144605e-14