1.2720860211980848e-8
2.4189446770829988e-8
2.363967481368809e-8
2.0821488668245572e-8
1.7692095037198025e-8
1.482857502677772e-8
1.2376831591689836e-8
1.03351513895531e-8
8.654722431012313e-9
7.277032864902204e-9
6.147340942869079e-9
5.21875035742348e-9
4.452644445667345e-9
3.817824764042392e-9
3.289308386127465e-9
2.8471551606558044e-9
2.475450624630046e-9
2.1614692735099753e-9
1.8950043274740177e-9
1.6678382373499773e-9
1.4733271982732326e-9
1.3060759718117151e-9
1.16168339733199e-9
1.0365429091038815e-9
9.276857575476709e-10
8.326573844892183e-10
7.494195766043097e-10
6.762727118154308e-10
6.11793716180835e-10
5.547863482207106e-10
5.042411929892748e-10
4.593033344161722e-10
4.192461240706083e-10
3.8344981012517625e-10
3.5138405674095556e-10
3.2259359014113825e-10
2.96686367548545e-10
2.7332378970350525e-10
2.52212575048524e-10
2.330979900745938e-10
2.1575819051720542e-10
1.9999947568498524e-10
1.8565229598194777e-10
1.7256788378230666e-10
1.60615401877383e-10
1.4967952302949494e-10
1.3965836971340424e-10
1.3046175569445252e-10
1.2200968127841332e-10
1.1423104235478276e-10
1.0706252011931373e-10
1.0044762389485776e-10
9.433586401819986e-11
8.868203549906986e-11
8.344559625526362e-11
7.859012628277043e-11
7.408285625040087e-11
6.989425577792477e-11
6.599767313588102e-11
6.236901934335473e-11
5.898649067781926e-11
5.583032448698171e-11
5.288258392701812e-11
5.0126967875972455e-11
4.754864279760485e-11
4.513409377955859e-11
4.2870992349278856e-11
4.074807899770542e-11
3.875505861568929e-11
3.6882507288236706e-11
3.512178909290127e-11
3.346498172460274e-11
3.190480991996452e-11
3.043458578387888e-11
2.9048155231964392e-11
2.7739849862360784e-11
2.650444365203875e-11
2.5337113944816618e-11
2.423340626816884e-11
2.3189202561494886e-11
2.220069245543205e-11
2.1264347279380017e-11
2.0376896512068837e-11
1.9535306423784605e-11
1.873676068502503e-11
1.7978642743338287e-11
1.7258519790686992e-11
1.6574128163437443e-11
1.592336003457324e-11
1.5304251272038468e-11
1.4714970350559156e-11
1.4153808217463714e-11
1.3619169020208782e-11
1.3109561617592785e-11
1.2623591799340273e-11
1.2159955150526554e-11
1.1717430501198602e-11
1.1294873909209128e-11
1.0891213127267978e-11
1.0505442512533441e-11
1.0136618339042878e-11
9.783854478152201e-12
9.44631841452293e-12
9.123227570579658e-12
8.813845910896983e-12
8.517480655216821e-12
8.233480125123614e-12
7.961229562535597e-12
7.70015013942091e-12
7.449695905767906e-12
7.209351802475415e-12
6.978631679469111e-12
6.7570764556506276e-12
6.544252409334403e-12
6.339749589074132e-12
6.143180336456405e-12
5.954177910257561e-12
5.772395206666909e-12
5.597503565809605e-12
5.4291916599513305e-12
5.267164456388883e-12
5.111142249471219e-12
4.960859757264512e-12
4.816065277246491e-12
4.676519897191183e-12
4.541996758011798e-12
4.412280362897308e-12
4.287165931986281e-12
4.166458796568522e-12
4.0499738329433614e-12
3.937534930921238e-12
3.8289744953675e-12
3.724132978803804e-12
3.622858442836422e-12
3.5250061455979257e-12
3.430438155186103e-12
3.3390229855089926e-12
3.2506352541018356e-12
3.1651553606728913e-12
3.0824691829581567e-12
3.0024677963204233e-12
2.925047196235394e-12
2.850108054277398e-12
2.7775554748826566e-12
2.707298771908696e-12
2.6392512560726794e-12
2.573330035042106e-12
2.509455824416101e-12
2.4475527691435443e-12
2.387548275223466e-12
2.3293728502640457e-12
2.2729599528351236e-12
2.2182458503487235e-12
2.1651694838686693e-12
2.1136723410261764e-12
2.063698335082637e-12
2.015193690685279e-12
1.9681068357104876e-12
1.92238829856561e-12
1.8779906108889754e-12
1.834868215456162e-12
1.792977378613613e-12
1.7522761074003033e-12
1.7127240707024364e-12
1.6742825244935214e-12
1.636914240910169e-12
1.6005834407042354e-12
1.5652557289131436e-12
1.5308980347148142e-12
1.4974785526337592e-12
1.4649666878690014e-12
1.4333330040017294e-12
1.4025491728204803e-12
1.3725879270568396e-12
1.3434230152465103e-12
1.3150291585329854e-12
1.2873820098480447e-12
1.2604581146262415e-12
1.2342348740153853e-12
1.2086905087193848e-12
1.1838040258924065e-12
1.1595551863464136e-12
1.1359244738833046e-12
1.112893066169206e-12
1.0904428062956558e-12
1.0685561763611647e-12
1.0472162715069588e-12
1.0264067759633684e-12
1.0061119393565313e-12
9.863165544086673e-13
9.670059359613934e-13
9.481659002701878e-13
9.2978274560967e-13
9.118432336738625e-13
8.943345717645652e-13
8.772443954769087e-13
8.605607529517962e-13
8.442720885219311e-13
8.283672282361621e-13
8.128353653250585e-13
7.976660465931955e-13
7.828491590067209e-13
7.683749175322476e-13
7.54233852513516e-13
7.404167984691352e-13
7.269148828185648e-13
7.137195153581492e-13
7.008223778491104e-13
6.882154143411546e-13
6.758908217661591e-13
6.63841040893057e-13
6.520587474372281e-13
6.40536844233292e-13
6.292684527633598e-13
6.182469055793837e-13
6.074657392067476e-13
5.96918686687739e-13
5.86599671046931e-13
5.765027985087344e-13
5.666223524106001e-13
5.569527870111542e-13
5.474887217276452e-13
5.382249355367981e-13
5.291563615694314e-13
5.20278082028613e-13
5.115853229721767e-13
5.030734495891314e-13
4.947379619096323e-13
4.865744899583726e-13
4.785787895162669e-13
4.707467381283309e-13
4.630743311747425e-13
4.555576778866889e-13
4.481929974837435e-13
4.409766165040192e-13
4.339049639641203e-13
4.2697456917202363e-13
4.2018205832415933e-13
4.135241509842251e-13
4.069976576645192e-13
4.005994766378861e-13
3.943265913958473e-13
3.881760676858701e-13
3.821450513003195e-13
3.7623076536423797e-13
3.704305080419201e-13
3.6474165018058423e-13
3.5916163313625547e-13
3.536879665502463e-13
3.483182262897741e-13
3.4305005266844307e-13
3.378811479142298e-13
3.3280927508509016e-13
3.2783225558181257e-13
3.2294796786911777e-13
3.181543454139244e-13
3.1344937531146125e-13
3.088310966538483e-13
3.042975989217087e-13
2.9984702052655265e-13
2.954775475356867e-13
2.911874120365987e-13
2.8697489093406105e-13
2.8283830465710623e-13
2.787760160187022e-13
2.747864287386944e-13
2.708679864291273e-13
2.670191715451144e-13
2.6323850415361393e-13
2.5952454072551914e-13
2.5587587359472067e-13
2.522911294051345e-13
2.4876896852536626e-13
2.4530808388969307e-13
2.419072002286867e-13
2.3856507316474047e-13
2.352804881839731e-13
2.3205226028295265e-13
2.2887923249992185e-13
2.257602756382065e-13
2.22694287348644e-13
2.1968019152062755e-13
2.167169374055867e-13
2.1380349891053322e-13
2.1093887411319492e-13
2.081220845315407e-13
2.0535217456401647e-13
2.0262821062299718e-13
1.999492809489771e-13
1.9731449463118392e-13
1.9472298154998768e-13
1.9217389115393609e-13
1.8966639269704288e-13
1.871996741109199e-13
1.8477294190661333e-13
1.8238542043233385e-13
1.8003635165263986e-13
1.7772499458119838e-13
1.7545062480138987e-13
1.7321253400959105e-13
1.7101002982784642e-13
1.68842435108823e-13
1.6670908782369897e-13
1.6460934045450779e-13
1.6254255984025163e-13
1.6050812644042757e-13
1.5850543461050895e-13
1.565338916499794e-13
1.545929178404682e-13
1.5268194593230127e-13
1.5080042103172588e-13
1.4894780007330992e-13
1.471235518217121e-13
1.453271560560779e-13
1.435581040944922e-13
1.4181589770468588e-13
1.401000493835633e-13
1.3841008196599995e-13
1.3674552825893916e-13
1.351059308624277e-13
1.3349084192545793e-13
1.3189982304468112e-13
1.3033244492232368e-13
1.2878828726822304e-13
1.2726693810352436e-13
1.2576799447890438e-13
1.2429106136450917e-13
1.2283575182771557e-13
1.214016872011194e-13
1.1998849614758277e-13
1.185958149576499e-13
1.172232875139249e-13
1.158705647454367e-13
1.145373045588496e-13
1.1322317164734042e-13
1.1192783794336364e-13
1.1065098126608716e-13
1.0939228617496694e-13
1.0815144356899041e-13
1.0692815037631906e-13
1.0572210936865382e-13
1.0453302950034057e-13
1.0336062516733274e-13
1.0220461639060186e-13
1.0106472881556388e-13
9.99406933045224e-14
9.88322460728877e-14
9.773912814387864e-14
9.666108588671338e-14
9.55978703372338e-14
9.454923757928231e-14
9.351494806922968e-14
9.249476694306336e-14
9.148846384590458e-14
9.049581282674366e-14
8.951659213932755e-14
8.855058426386921e-14
8.759757570846359e-14
8.665735694401341e-14
8.572972321237059e-14
8.481447203006009e-14
8.391140597169689e-14
8.30203305592936e-14
8.214105542775068e-14
8.127339339588851e-14
8.041716084240344e-14
7.957217752721915e-14
7.873826662049919e-14
7.791525426129626e-14
7.710297013098475e-14
7.630124658224806e-14
7.550991939860124e-14
7.47288271168965e-14
7.395781128765585e-14
7.319671624383952e-14
7.244538925517575e-14
7.170368010479749e-14
7.097144147186915e-14
7.024852855709856e-14
6.953479915505232e-14
6.883011356697939e-14
6.813433468233948e-14
6.744732760741047e-14
6.676896006922273e-14
6.609910190156658e-14
6.543762529481731e-14
6.478440472852421e-14
6.413931680905735e-14
6.350224025287018e-14
6.287305601198845e-14
6.225164702679264e-14
6.163789818516103e-14
6.10316965269476e-14
6.043293086044062e-14
5.984149189407791e-14
5.925727248578999e-14
5.868016697919194e-14
5.81100717002272e-14
5.754688455638168e-14
5.699050550906175e-14
5.644083595102836e-14