1.2720847871837567e-8
2.418929834764537e-8
2.363943292837195e-8
2.0821204721124667e-8
1.769180218535346e-8
1.4828291811607338e-8
1.2376567278353416e-8
1.0334909797816297e-8
8.654504335461057e-9
7.276837425393372e-9
6.147166534466459e-9
5.218595041132097e-9
4.452506227788962e-9
3.817701732471121e-9
3.2891987758147727e-9
2.8470573789833266e-9
2.47536325471381e-9
2.1613910659486556e-9
1.8949341866090157e-9
1.6677752054851516e-9
1.4732704397521735e-9
1.306024757942981e-9
1.161637092625591e-9
1.036500958982941e-9
9.276476775329092e-10
8.326227507691699e-10
7.493880178634575e-10
6.762439021807514e-10
6.117673691477423e-10
5.547622114296514e-10
5.042190437347422e-10
4.592829757866487e-10
4.1922738162736057e-10
3.834325290425282e-10
3.5136809934123746e-10
3.2257883376668293e-10
2.9667270272235955e-10
2.733111185357475e-10
2.522008098552827e-10
2.33087052177239e-10
2.157480091975641e-10
1.999899872744974e-10
1.8564344306576246e-10
1.7255961450270464e-10
1.6060766932413625e-10
1.4967228470340326e-10
1.396515870546587e-10
1.304553936679408e-10
1.2200370800633133e-10
1.1422542879297392e-10
1.0705723976986394e-10
1.0044265255172609e-10
9.433117954115488e-11
8.867761761190754e-11
8.344142636716113e-11
7.858618732759432e-11
7.407913254411474e-11
6.989073289062388e-11
6.599433777664691e-11
6.23658592577393e-11
5.898349455481365e-11
5.582748187646793e-11
5.287988516399799e-11
5.0124404013552895e-11
4.754620554523714e-11
4.513177544810059e-11
4.286878580098263e-11
4.074597760082009e-11
3.875305620307172e-11
3.688059812030792e-11
3.5119967823150696e-11
3.346324336912318e-11
3.190314982888706e-11
3.043299961560385e-11
2.9046638930077787e-11
2.7738399633626178e-11
2.6503055946891507e-11
2.533578543944851e-11
2.423213384785259e-11
2.3187983305723222e-11
2.219952362354871e-11
2.1263226298400482e-11
2.0375820964241954e-11
1.9534274036318516e-11
1.8735769319608887e-11
1.7977690387563155e-11
1.7257604548855843e-11
1.657324824913614e-11
1.5922513763576086e-11
1.5303437055088595e-11
1.471418668754875e-11
1.4153053691482282e-11
1.361844229244595e-11
1.3108861422132137e-11
1.262291693869473e-11
1.2159304491295739e-11
1.1716802970267515e-11
1.1294268489873412e-11
1.089062885595853e-11
1.0504878475451769e-11
1.0136073669363917e-11
9.783328353092203e-12
9.445810052868249e-12
9.122736230118612e-12
8.813370886478347e-12
8.517021276004676e-12
8.233035753416618e-12
7.960799591444486e-12
7.69973399121524e-12
7.44929303012001e-12
7.20896167524795e-12
6.978253801165436e-12
6.756710349867236e-12
6.543897621814167e-12
6.339405686384554e-12
6.142846905064264e-12
5.95385455497855e-12
5.772081550368712e-12
5.597199247908927e-12
5.428896336095138e-12
5.266877797019962e-12
5.110863939546765e-12
4.960589495394143e-12
4.815802774932186e-12
4.6762648783351665e-12
4.541748958013374e-12
4.412039528437024e-12
4.286931820425094e-12
4.16623117508825e-12
4.049752478457109e-12
3.937319629482191e-12
3.828765041649809e-12
3.723929175858247e-12
3.6226601015541317e-12
3.5248130845180607e-12
3.430250199819604e-12
3.3388399684365116e-12
3.250457014212438e-12
3.1649817434181735e-12
3.0823000395782783e-12
3.0023029837099335e-12
2.924886576758979e-12
2.8499514955591335e-12
2.777402849647991e-12
2.707149957362589e-12
2.6391061342180036e-12
2.5731884919771973e-12
2.50931775070323e-12
2.447418059248156e-12
2.3874168273962866e-12
2.329244566430248e-12
2.2728347384915913e-12
2.218123614287326e-12
2.1650501381392394e-12
2.1135558007231252e-12
2.0635845183680118e-12
2.015082518419713e-12
1.9679982317381126e-12
1.92228218915206e-12
1.8778869247219127e-12
1.834766884125296e-12
1.7928783353952046e-12
1.7521792882613617e-12
1.7126294136127672e-12
1.6741899693627511e-12
1.6368237299035301e-12
1.600494917637527e-12
1.5651691395733985e-12
1.5308133265673283e-12
1.49739567500605e-12
1.4648855916249364e-12
1.433253641440914e-12
1.402471497965171e-12
1.3725118953323715e-12
1.3433485833663245e-12
1.3149562847059917e-12
1.2873106536449615e-12
1.2603882366797325e-12
1.2341664361899987e-12
1.2086234742209885e-12
1.1837383589426549e-12
1.159490852264083e-12
1.135861439069186e-12
1.1128312979312017e-12
1.090382273120959e-12
1.0684968475142741e-12
1.0471581171534145e-12
1.0263497672947506e-12
1.006056048106468e-12
9.86261753480383e-13
9.669521989426377e-13
9.481132013377626e-13
9.297310599983436e-13
9.117925371614316e-13
8.942848406969964e-13
8.77195607099543e-13
8.605128849321394e-13
8.442251193810802e-13
8.28321136909905e-13
8.127901313802161e-13
7.976216503058789e-13
7.828055810297905e-13
7.683321391004703e-13
7.541918553700526e-13
7.403755649593529e-13
7.26874395508838e-13
7.136797576122861e-13
7.007833331873133e-13
6.881770669011341e-13
6.758531560493485e-13
6.638040418242736e-13
6.520224003465192e-13
6.40501134947923e-13
6.292333672062866e-13
6.182124301973348e-13
6.074318608569596e-13
5.968853925961509e-13
5.865669484004109e-13
5.764706353704101e-13
5.665907368074566e-13
5.569217073696437e-13
5.474581666732194e-13
5.381948940950189e-13
5.29126822925776e-13
5.202490357663565e-13
5.115567588315836e-13
5.030453577275529e-13
4.947103325357821e-13
4.865473136152134e-13
4.785520569055765e-13
4.707204403113753e-13
4.630484593161911e-13
4.555322234077988e-13
4.481679520589551e-13
4.4095197179383546e-13
4.3388071210745476e-13
4.2695070237201024e-13
4.201585689640891e-13
4.135010315924416e-13
4.069749011324527e-13
4.005770756627435e-13
3.9430453919031555e-13
3.8815435747440604e-13
3.8212367644720306e-13
3.762097193760583e-13
3.7040978473813513e-13
3.647212433209531e-13
3.591415367362731e-13
3.5366817474209277e-13
3.482987333389255e-13
3.430308529145159e-13
3.3786223593190357e-13
3.3279064548816906e-13
3.2781390305010847e-13
3.2292988730682455e-13
3.181365318450794e-13
3.1343182373346774e-13
3.088138023526332e-13
3.0428055711072117e-13
2.9983022679023975e-13
2.95460997192961e-13
2.91171100822751e-13
2.869588144958777e-13
2.8282245874955943e-13
2.7876039656417e-13
2.747710317147868e-13
2.708528079354525e-13
2.6700420759661725e-13
2.6322375105221404e-13
2.5950999474400207e-13
2.5586153113097536e-13
2.522769869650269e-13
2.4875502260997456e-13
2.452943310720737e-13
2.41893637205974e-13
2.3855169657651866e-13
2.3526729486544464e-13
2.320392472453634e-13
2.2886639662026447e-13
2.257476138496195e-13
2.226817967529039e-13
2.1966786918502104e-13
2.1670478056395487e-13
2.13791504780297e-13
2.1092703994642273e-13
2.0811040769077567e-13
2.0534065250650143e-13
2.0261684062688033e-13
1.9993806068430745e-13
1.9730342154872906e-13
1.9471205333315932e-13
1.9216310537142141e-13
1.8965574702339934e-13
1.871891663012824e-13
1.8476256978696605e-13
1.823751817721477e-13
1.8002624428810857e-13
1.7771501644725903e-13
1.7544077386182343e-13
1.7320280812401636e-13
1.7100042728875983e-13
1.6883295365625676e-13
1.666997257237856e-13
1.6460009584866468e-13
1.625334307274372e-13
1.604991112005403e-13
1.584965314145135e-13
1.5652509874016746e-13
1.5458423359771635e-13
1.5267336852688888e-13
1.507919491088696e-13
1.4893943180591585e-13
1.4711528549277903e-13
1.4531899033854424e-13
1.4355003744882426e-13
1.418079286081268e-13
1.4009217631687386e-13
1.384023034397911e-13
1.367378430030235e-13
1.350983374251469e-13
1.3348333892331057e-13
1.318924091628079e-13
1.3032511872976166e-13
1.287810475418658e-13
1.272597836311232e-13
1.2576092399154318e-13
1.2428407362889621e-13
1.2282884563792944e-13
1.2139486137044441e-13
1.1998174947958908e-13
1.1858914637860158e-13
1.172166958134674e-13
1.1586404881492535e-13
1.1453086342966777e-13
1.1321680409566759e-13
1.1192154300614829e-13
1.1064475785823442e-13
1.09386133336899e-13
1.0814536030830894e-13
1.0692213563417192e-13
1.0571616232584667e-13
1.045271491071663e-13
1.033548105043103e-13
1.0219886655743255e-13
1.0105904285471105e-13
9.993507028548513e-14
9.882668536085962e-14
9.773362869474509e-14
9.665564693062429e-14
9.559249100626061e-14
9.454391711080632e-14
9.350968555740675e-14
9.248956165757561e-14
9.148331508329437e-14
9.049071968977073e-14
8.951155387343017e-14
8.854560026053298e-14
8.759264525537008e-14
8.665247921342164e-14
8.57248975546783e-14
8.480969776362823e-14
8.390668227155361e-14
8.301565688407736e-14
8.213643121348424e-14
8.126881786493153e-14
8.041263331797267e-14
7.956769756346575e-14
7.873383341153757e-14
7.791086720152177e-14
7.709862863965703e-14
7.629695016066149e-14
7.550566742640376e-14
7.472461900613382e-14
7.395364652020944e-14
7.319259410587439e-14
7.244130933806484e-14
7.169964187954839e-14
7.09674443493857e-14
7.0244571989128e-14
6.953088269347152e-14
6.882623674493046e-14
6.813049691237552e-14
6.74435284065477e-14
6.676519895341881e-14
6.609537848766733e-14
6.543393904423129e-14
6.478075512431355e-14
6.413570344466085e-14
6.349866270323482e-14
6.286951384969136e-14
6.22481396940843e-14
6.163442537321352e-14
6.102825778604573e-14
6.042952581040256e-14
5.983812000069124e-14
5.925393351122492e-14
5.867686041688309e-14
5.810679721407339e-14
5.754364162640427e-14
5.698729395350203e-14
5.643765523850915e-14