1.2726522086929417e-8
2.4254323270909728e-8
2.374117728584083e-8
2.0936552908859907e-8
1.7807227419153835e-8
1.4937000491529365e-8
1.2475670072847318e-8
1.042361930123976e-8
8.733097593274278e-9
7.346083195031032e-9
6.208018159832071e-9
5.272031414054736e-9
4.499454123529063e-9
3.8590022022317224e-9
3.3255968585329007e-9
2.879203669611856e-9
2.5038210459909075e-9
2.186645672998748e-9
1.917402676522215e-9
1.6878156489217518e-9
1.4911902927291413e-9
1.3220882458128895e-9
1.176071604572298e-9
1.0495025266499765e-9
9.393856377862323e-10
8.432436982610612e-10
7.590191482834413e-10
6.849958375668332e-10
6.197365454996698e-10
5.620328977502047e-10
5.108650513196062e-10
4.653691074086523e-10
4.248106623108299e-10
3.885632533260694e-10
3.5609072419407155e-10
3.2693274151070894e-10
3.0069285429402205e-10
2.770286140766012e-10
2.556433708380602e-10
2.3627943696329695e-10
2.1871237200268814e-10
2.027461889227784e-10
1.8820932058380692e-10
1.7495121549998962e-10
1.6283945618228628e-10
1.5175731282748357e-10
1.4160166079193704e-10
1.3228120295927824e-10
1.2371494838253923e-10
1.1583090694255608e-10
1.0856496658466467e-10
1.018599252824099e-10
9.566465446476375e-11
8.993337441793853e-11
8.46250253000686e-11
7.9702719985669e-11
7.51332671088044e-11
7.088675446164306e-11
6.693618439671811e-11
6.32571541347254e-11
5.982757492580923e-11
5.6627424899149115e-11
5.363853117528832e-11
5.084437744952222e-11
4.8229933784377226e-11
4.5781505804886485e-11
4.348660087053099e-11
4.133380913303373e-11
3.9312697660558485e-11
3.741371606006385e-11
3.5628112223080833e-11
3.394785700772124e-11
3.236557681564933e-11
3.087449315570161e-11
2.946836840010564e-11
2.81414570375227e-11
2.6888461810301647e-11
2.5704494197813337e-11
2.4585038776779626e-11
2.3525921035581833e-11
2.2523278278780002e-11
2.1573533295036804e-11
2.0673370497367522e-11
1.981971428593211e-11
1.900970939956314e-11
1.824070306037691e-11
1.7510228728414897e-11
1.6815991307932962e-11
1.615585366208009e-11
1.5527824309847286e-11
1.4930046188972333e-11
1.436078638646487e-11
1.3818426741754914e-11
1.3301455243374749e-11
1.2808458144117249e-11
1.2338112728832583e-11
1.1889180675545894e-11
1.146050195713362e-11
1.1050989232948936e-11
1.0659622688968904e-11
1.0285445287402728e-11
9.927558386897922e-12
9.58511770539504e-12
9.25732959345774e-12
8.943447592730763e-12
8.642769105320705e-12
8.354633201437496e-12
8.078416400096775e-12
7.81353164507722e-12
7.559425221182185e-12
7.31557473740338e-12
7.08148711789949e-12
6.856696735956393e-12
6.640763681305638e-12
6.433272148857269e-12
6.233828940680665e-12
6.042062071037808e-12
5.857619469034831e-12
5.680167768510887e-12
5.509391180504045e-12
5.3449904417377425e-12
5.186681833473225e-12
5.03419626484097e-12
4.887278417350342e-12
4.745685944315555e-12
4.609188723702342e-12
4.4775681571706514e-12
4.350616516160705e-12
4.2281363268964405e-12
4.109939796825484e-12
3.9958482758052256e-12
3.8856917498117825e-12
3.779308367553626e-12
3.676543995956911e-12
3.5772518006796563e-12
3.4812918555140795e-12
3.388530771812061e-12
3.2988413523501575e-12
3.2121022648068723e-12
3.1281977335091155e-12
3.047017255066418e-12
2.968455316542864e-12
2.8924111487393073e-12
2.8187884788563038e-12
2.747495303820262e-12
2.6784436754330975e-12
2.6115494964598066e-12
2.5467323304110187e-12
2.483915218729972e-12
2.423024511367928e-12
2.363989704607829e-12
2.3067432882029317e-12
2.2512206014181185e-12
2.1973596956402728e-12
2.1451012056844596e-12
2.09438822709383e-12
2.0451662001240416e-12
1.9973828003802415e-12
1.950987834223553e-12
1.9059331401975264e-12
1.8621724959100638e-12
1.819661528752969e-12
1.778357632012772e-12
1.7382198851879934e-12
1.6992089776454268e-12
1.6612871371509385e-12
1.6244180609111286e-12
1.5885668506304229e-12
1.553699951202087e-12
1.5197850917198941e-12
1.486791229221776e-12
1.454688495810689e-12
1.4234481483318381e-12
1.3930425197047107e-12
1.363444973630719e-12
1.3346298605235952e-12
1.306572476181496e-12
1.2792490217798615e-12
1.2526365669003166e-12
1.226713012462608e-12
1.2014570573713042e-12
1.176848165183429e-12
1.1528665330514812e-12
1.1294930620530486e-12
1.1067093284246605e-12
1.0844975566231167e-12
1.0628405935386663e-12
1.0417218830623947e-12
1.0211254434240203e-12
1.0010358435234407e-12
9.81438182020254e-13
9.62318066517846e-13
9.436615935046945e-13
9.254553298742701e-13
9.076862944169944e-13
8.903419405743171e-13
8.734101403334003e-13
8.56879168042206e-13
8.407376847692705e-13
8.249747245364916e-13
8.095796802456845e-13
7.945422893296092e-13
7.798526226140497e-13
7.655010708682805e-13
7.514783332620262e-13
7.377754062714181e-13
7.243835730348599e-13
7.112943924228951e-13
6.984996894851722e-13
6.859915462241509e-13
6.737622913645181e-13
6.618044927075773e-13
6.501109481815798e-13
6.386746776774136e-13
6.274889151256919e-13
6.16547101688759e-13
6.05842877544198e-13
5.953700760029327e-13
5.85122716164954e-13
5.750949966882871e-13
5.652812900207722e-13
5.556761359714873e-13
5.462742360726585e-13
5.370704485668443e-13
5.280597829682107e-13
5.192373946760371e-13
5.105985801851961e-13
5.021387729934967e-13
4.938535384083418e-13
4.85738569250418e-13
4.777896822120868e-13
4.700028131884318e-13
4.623740138899209e-13
4.548994474631638e-13
4.475753858922177e-13
4.403982056039255e-13
4.333643843157124e-13
4.2647049802553466e-13
4.197132178725083e-13
4.1308930705867054e-13
4.065956178098756e-13
4.002290890662348e-13
3.9398674278419505e-13
3.878656825946084e-13
3.81863090458903e-13
3.759762243903173e-13
3.702024162276194e-13
3.6453906939410046e-13
3.589836565378109e-13
3.535337175451915e-13
3.48186857744363e-13
3.4294074529406996e-13
3.377931100270342e-13
3.3274174093237116e-13
3.2778448503441987e-13
3.229192450107147e-13
3.181439781982899e-13
3.1345669449933786e-13
3.0885545503320057e-13
3.043383704695452e-13
2.999036001258382e-13
2.9554934976861346e-13
2.912738705194168e-13
2.870754579632197e-13
2.829524506053881e-13
2.7890322857486685e-13
2.749262119285243e-13
2.710198609865168e-13
2.671826736379244e-13
2.6341318492134624e-13
2.5970996624865994e-13
2.5607162382523063e-13
2.5249679812901273e-13
2.489841624575416e-13
2.45532422934846e-13
2.421403164771635e-13
2.38806610412133e-13
2.355301022831602e-13
2.323096177683289e-13
2.291440109926169e-13
2.26032163202549e-13
2.2297298200767254e-13
2.1996540138721682e-13
2.1700837975911287e-13
2.1410090044684682e-13
2.1124197024750255e-13
2.0843061932952807e-13
2.0566590039515717e-13
2.029468879741665e-13
2.002726777506654e-13
1.9764238705430724e-13
1.9505515220327922e-13
1.925101303841343e-13
1.900064972803804e-13
1.8754344778117192e-13
1.85120194352108e-13
1.8273596802586588e-13
1.8039001647831201e-13
1.7808160473761685e-13
1.7581001370039724e-13
1.7357454097891002e-13
1.7137449902696762e-13
1.692092162358543e-13
1.670780351623018e-13
1.6498031350732665e-13
1.629154222746517e-13
1.6088274670231008e-13
1.5888168557880155e-13
1.5691165022525367e-13
1.5497206516693185e-13
1.5306236721056234e-13
1.5118200490783833e-13
1.493304395750614e-13
1.475071428292467e-13
1.4571159865754116e-13
1.439433013027324e-13
1.4220175589539927e-13
1.404864782791406e-13
1.387969943541616e-13
1.3713283972596925e-13
1.3549355987062376e-13
1.3387870999481555e-13
1.3228785424879833e-13
1.3072056625758882e-13
1.2917642761386538e-13
1.2765502961301082e-13
1.2615597133238622e-13
1.2467885988700082e-13
1.2322331103990472e-13
1.2178894795208834e-13
1.2037540141690771e-13
1.189823100436551e-13
1.1760931949463502e-13
1.1625608273887894e-13
1.1492225922588032e-13
1.1360751620206861e-13
1.1231152654948049e-13
1.1103397007244892e-13
1.0977453327049892e-13
1.0853290825670329e-13
1.0730879370588693e-13
1.0610189396039002e-13
1.0491191919247731e-13
1.0373858530966054e-13
1.0258161386415622e-13
1.0144073159874745e-13
1.003156709988019e-13
9.920616891239018e-14
9.811196819591012e-14
9.703281600884086e-14
9.596846487909507e-14
9.491867166819797e-14
9.388319787412604e-14
9.286180999855424e-14
9.185427831538398e-14
9.086037815999838e-14
8.987988850044164e-14
8.891259264415733e-14
8.795827811601134e-14
8.70167369851028e-14
8.608776374611306e-14
8.517115806880553e-14
8.426672255723333e-14
8.337426393633673e-14
8.249359228745249e-14
8.162452128116733e-14
8.076686795827879e-14
7.992045268108337e-14
7.908509917507526e-14
7.826063449203263e-14
7.744688870595169e-14
7.66436948160932e-14
7.58508891001899e-14
7.506831073451829e-14
7.429580169789238e-14
7.353320698341426e-14
7.27803741180653e-14
7.203715368864423e-14
7.130339870416425e-14
7.057896460393103e-14
6.986370989902055e-14
6.915749521899873e-14
6.846018373240458e-14
6.77716412332815e-14
6.709173552816785e-14
6.642033699685039e-14
6.575731805075682e-14
6.510255370952717e-14
6.445592057401598e-14
6.381729808355642e-14
6.31865674173747e-14
6.256361150681486e-14
6.194831593168437e-14
6.134056771217598e-14
6.074025594261141e-14
6.014727199574602e-14
5.956150854654941e-14
5.898286017989776e-14
5.84112235076266e-14
5.784649708265551e-14
5.728858054065424e-14